10758
9554
9773
10006
9379
9981
10779
9783
8907
10082
9397
10266
9509
9688
9916
10424
9643
9374
10522
9842
9507
10954
9911
9494
9983
9475
9777
9986
10841
9257
9500
9941
9407
9767
9929
10131
9268
9909
8925
10139
9608
9503
9792
9912
10046
10369
10107
9191
9574
9755
9470
9796
10041
9267
9747
9861
9187
9867
9811
10103
10313
10000
9014
9370
10154
10130
9861
9550
10057
9173
9782
9877
9541
10250
10021
10240
10145
9715
10391
11610
9963
10183
9537
10081
9216
9911
9222
9936
10131
10022
9614
9592
8989
10247
9005
10127
9693
9673
9761
9733
