8957
9418
9579
9815
9887
10014
10025
10754
10876
9420
10134
9541
9790
10303
10136
9405
10417
9851
9531
9890
9504
10670
9949
9505
9987
10955
9785
9989
9378
9553
9468
9965
10861
9808
9999
10256
9397
9026
9918
9695
10156
9585
9847
9966
10048
9214
10137
10384
9507
9590
9876
9836
9325
10046
9802
9231
9850
9858
9912
10173
9040
10368
10181
9380
10203
9588
10228
9909
9245
10344
9797
9869
9557
10264
10124
9747
10307
10164
10409
9971
11607
10215
9547
9283
9244
10144
9939
9963
10124
10090
9668
9014
9613
9016
10323
10211
9818
9686
9775
9822
