0.12462885744912394
0.12482279982038243
0.12487277146361848
0.12439914951833642
0.12466309258388523
0.12473131326245512
0.12456777671501229
0.12494495546381337
0.12486082433525822
0.12446344642978523
0.12462571053336739
0.12424892701823873
0.12457431932248995
0.12491511867014407
0.12479446157179568
0.12470090244136467
0.12448916464282678
0.12489332256835196
0.12517169590176505
0.12482423222607511
0.1245660435614689
0.12459130872403436
0.12468880996029663
0.12482278217006137
0.12445554724288489
0.12471887503067458
0.12450116828437581
0.1245899999929233
0.12480072253929181
0.12452829633267974
0.12471060278099073
0.12467805108166845
0.12471911556419338
0.1246635881269275
0.12472078476793969
0.12470565163432155
0.12493782163073379
0.12465094374577546
0.12455618615359955
0.1245365658618544
0.12456178454615713
0.12481311662880856
0.12465153059265285
0.12477503409433863
0.12495040440513824
0.12468454422819607
0.12499030641564281
0.12460200115708482
0.1245351987087946
0.1246218066059608
0.12481973173997733
0.12458181480053072
0.12466293022351345
0.12472994827319367
0.12478162842672275
0.12473024446451215
0.12478254059643473
0.12489093750032007
0.12487153650928004
0.12465724217754466
0.1242209474195413
0.12487197078724287
0.12471673454479176
0.12451764491444516
0.12452537930272221
0.1247340819187182
0.12467436837240481
0.12480802062884568
0.12425667202592763
0.12446645422721653
0.12483253627910486
0.12455375243771948
0.12439245712394661
0.12465258309812638
0.12474455559937891
0.12472801681794299
0.12448174485913202
0.1247986394001335
0.12464507749264259
0.12459241101969117
0.12485429650796409
0.12471065196705663
0.12489648045806168
0.12478722796004225
0.12464014225946879
0.12488024794746333
0.12487646493537928
0.12482987731252537
0.12484505907101295
0.12456907848382952
0.12479137888071642
0.12454589860370621
0.12461269275334606
0.12422626013762188
0.12483353629323758
0.12459542281287923
0.12494035696794376
0.12473843017735571
0.12496624815244434
0.12501462901054805
