0.9985115491982102
0.9986068510380179
0.9981536884011454
0.9992312373609671
0.9986328223793124
0.9995160709690224
0.9989926542529306
0.9985601079160807
0.9991249075569255
0.9995320603363904
0.9990178529684708
0.9988355218847427
0.9990546816176399
0.9991964400588833
0.999570394349964
0.9991325131075574
0.9996128705647241
0.9987379388670373
0.998878254122124
0.999303143039139
0.9984660009811577
0.9993279689256825
0.999317163710981
0.9987870463102954
0.9985800627394817
0.9989884532579356
0.9986933296444386
0.9987575755047564
0.9987809124302085
0.998795247455997
0.9988568846738843
0.9990570790552485
0.9987198045686738
0.9989179643218731
0.9993808031721667
0.9991566814843582
0.9992463316941675
0.9991161532345814
0.9988108218785233
0.9989880575373985
0.9989136005370425
0.9991206504342528
0.9992318310953994
0.9995047225365614
0.9993434060951399
0.9983481084889496
0.999266885007417
0.9994312044399691
0.9989861817841345
0.9991007905759893
0.9994271102817441
0.9991067539134796
0.9983875550334977
0.9990887951436513
0.9985132644205472
0.9980683342315125
0.999282388616108
0.9991162863553605
0.9993430529122698
0.9992407321667582
0.9992374570251781
0.9996260193924221
0.9989464038411715
0.9993504933172646
0.9989432865938433
0.9981520231368218
0.9990628199746379
0.9984429449912681
0.9987766941161653
0.9983509240187493
0.9992186949050256
0.9991351667654589
0.9994213138040259
0.9994508070241339
0.9993683676686543
0.9992082998152262
0.9986900796624179
0.998563328899588
0.9994816457080762
0.9993678799472214
0.9985959784710154
0.9991405929036153
0.9990514387248075
0.9993704254150784
0.9991591276227677
0.9987962239357427
0.9998074795734307
0.9994014030625876
0.9993170967282905
0.9990408702818083
0.9994197794718117
0.9986864538077266
0.9993657185324036
0.9996243978231356
0.9994348988165329
0.9993335314613212
0.999219039842537
0.9993658600272597
0.9986222287547334
0.9989561526170274
