0.06360385070601046
0.032102578905311194
0.08621488259608792
0.07498023366556823
0.1902884710397436
0.11110283874128857
0.1459238422168269
0.1747378104073256
0.12864583200830762
0.061414065213087496
0.10568496651665618
0.14558082060336128
0.2734166071423126
0.16058494011933647
0.216970980136475
0.1903560099091552
0.06549646593041773
0.19838392800650817
0.1304228920092668
0.1913719390678906
0.12192616717850048
0.027549426888196924
0.19658468018006933
0.15203330415928984
0.03510631332417879
0.11854098216209323
0.0921747275743505
0.10159617507109735
0.011293027021875865
0.16426042261284912
0.17081493451604998
0.24694610070370437
0.28375011765698865
0.03653263175711049
0.1381481569619883
0.04925119077925067
0.16847488072085934
0.1381858912142725
0.12111145484494974
0.10317729635894912
0.123069173095999
0.13616286122388951
0.18871739963092246
0.026546117440734766
0.08387648210226076
0.11581867679822644
0.04461561168774372
0.09739713089479884
0.09438869595700584
0.18055327895261172
0.06086258601080038
0.1384898178415477
0.17392513332081333
0.238877325031616
0.15033736777332674
0.18372771348236633
0.057505531195063964
0.043773215042577925
0.04495968851669004
0.08199924237753196
0.2158808709638948
0.16315518900977932
0.15055947791721574
0.25645419580149503
0.17419719794075877
0.07850449059756642
0.1423701094441908
0.21980602476127561
0.16959029811249116
0.1344047375751509
0.12636982672707422
0.055864785543069985
0.048985012874195655
0.10996236560020042
0.03765179939218782
0.11934843628185403
0.2610338568532639
0.17782599198078247
0.22646379042153858
0.13196419332202544
0.1402682391041896
0.07240430136771951
0.15581627001687975
0.08105202976382843
0.13248165207298135
0.2705247240291412
0.307701608668744
0.23746983641810435
0.19356769701798776
0.23657441714506067
0.07723552723937699
0.09363774779432535
0.10527957673746735
0.1661177366411224
0.10166984489259083
0.04393708819987357
0.12898907262684856
0.049326845131370374
0.09362110997914962
0.09079247009108551
