0.06744158744954784
0.10742645023093286
0.33008438987757327
0.2406618761579502
0.11837753040022524
0.4307728715147669
0.17639263183822768
0.4017480396007094
0.37350064476527217
0.1579111065285612
0.2758896588592038
0.2861461726942726
0.4388955493757623
0.05342917932491584
0.39471200518389876
0.08888055306355912
0.39972686739881014
0.11145016405977538
0.12468471351461227
0.21945748375874022
0.27236698711550195
0.17730474499234994
0.3850426325247005
0.08963833807877837
0.26736531309238687
0.022576821232000447
0.39360677112201214
0.14319788285924445
0.19928391669773018
0.4646124261543909
0.3896022435044624
0.37435929025292947
0.3680202314789552
0.2049275594039697
0.14666803693075475
0.13102230771250722
0.4463048978272125
0.015566607986659731
0.327149818874293
0.45985575699902465
0.34493671219252153
0.20063137335635498
0.3038804467248837
0.46008827638642874
0.01568949997634871
0.032623001395233976
0.10776946731232659
0.28637295624272974
0.23292269922631062
0.13680219238036764
0.24991756851356822
0.0640931737187978
0.22324489383765134
0.030029712136589087
0.009775788957594721
0.30275413822308794
0.3010236052996725
0.42904060409107947
0.07169446658151593
0.10930143050054146
0.06575096600595517
0.09922115929781457
0.42302198799410634
0.290167885423314
0.35838913906668457
0.05304406315744652
0.28913706536612277
0.34260148865576767
0.0824554140421897
0.4230689479589566
0.3707342265055038
0.05877242622921438
0.1900085606720247
0.32468967228511514
0.23136569595715947
0.3803247210082564
0.21556172188864642
0.40823384342484825
0.452760152835972
0.4200679614952427
0.37212303540334807
0.0734861435997288
0.3212766844422373
0.45821466924914905
0.4167478404400016
0.16432008039244142
0.020012806049966483
0.28538812099972033
0.024529414631936246
0.15099739399074474
0.44141606260984395
0.3052793288180321
0.07528505029532671
0.14192392867204243
0.35641823558614505
0.3781653983165932
0.268549852346372
0.06235938053679765
0.008166654238368366
0.18717175784107704
