0.03843667558868003
0.054833421932558565
0.0725967023205839
0.0587182772811299
0.06417956826531289
0.07208448519081134
0.03497006690291176
0.046676445395027744
0.10723360502371079
0.0466944150605782
0.04947458976223305
0.07192476875270087
0.09963648214654393
0.08321199820454071
0.22596684872039768
0.043207773482449495
0.12208770981395604
0.07656622160318456
0.04429231632139749
0.049072642841587535
0.05750633294180091
0.06099060657045181
0.03918912115013235
0.030464814947001626
0.05940394726574649
0.037168901861817455
0.05648877992769481
0.023132961197013423
0.08904316460614839
0.038340684598117535
0.05093445799558266
0.028330210537711273
0.07634279381168121
0.08427547489709855
0.050912200804770255
0.05347357693835477
0.13790845012496372
0.03043102029952538
0.0660445004485216
0.050139000799089915
0.07369723293181153
0.11276060577542796
nan
0.07888267652110824
0.03067805489116235
0.07623582317308057
0.05025923557352465
0.028640474428905962
0.046065545355033065
0.053489528542715256
0.04176892200170495
0.02346728715951105
0.03333259404720286
0.03949234002375166
0.0367575949890388
0.02495598003103048
0.03522122443644332
0.10477257593254141
0.08206296542475525
0.07366685845752881
0.05293000732334883
0.28403305104636556
0.07355775023950085
0.035498736600008726
0.047021167160375764
0.03902150876778949
0.02719721977533929
0.059820573761942865
0.2372292636349041
0.06469189875552907
0.04020229337405962
0.033467783500531055
0.040870764069956135
0.03700897843385628
0.03592427693458114
0.07480367847145894
0.0383875023716933
0.06837954881079285
0.047827729724249556
0.0551664352205525
0.042465624156174164
0.0470869287242718
0.02383869122317857
0.0645281192952541
0.11645345630605362
0.07496275725004613
0.06497290996635341
nan
0.0421884864020569
0.04394308852786929
0.026818310097697817
0.049404464282487084
0.06492169168289985
0.07500290915160401
0.02976474917784535
0.08502518515815705
0.07619188010873856
0.05726229742234993
0.03503367703688773
0.07259146252412522
