0.09403075460952766
0.06602630716665768
0.025928637167471433
0.16152316251726975
0.04886038090426485
0.16686895507459804
0.06184694514995666
0.21921131966308333
0.03420101492084266
0.06199567119866908
0.10541935050213205
0.05197284557258277
0.18554565695438857
0.2775247367407236
0.06806245842811444
0.07247242473189519
0.13630510107114785
0.06604646481119875
0.07870840410890467
0.1860194472849014
0.038405682081689006
0.10928122274734237
0.16369865160494876
0.14555372977450964
0.13349522114643392
0.23761520382005216
0.07960392708299452
0.2075895838894453
0.24184024065319462
0.08322110127922971
0.22393010733690127
0.11492510556779144
0.3220715752399528
0.07647004839610662
0.08172614487388233
0.0937525684410004
0.25192791163965533
0.18597023471611404
0.09930071747318875
0.1297229401064501
0.11517560886652266
0.22960815906179532
0.1095705569802227
0.13019507141250639
0.027553148899307624
0.06560124506230201
0.10152628811310238
0.10945406245501725
0.055173280221594595
0.30230176240331885
0.16415990456277998
0.13690015168635455
0.17434798646574373
0.09601021197641481
0.05606837871923571
0.23778985033951747
0.14848241122470177
0.27444867739226025
0.26289531283755735
0.11391869634448548
0.3246533439634189
0.03895936304874549
0.16414695730312256
0.2844485794928035
0.07976504923179253
0.20435370408415715
0.13304744587866563
0.17471182448306855
0.24969181125153464
0.030200758062413704
0.15782114162630353
0.05537510187126729
0.07898100899874953
0.18503265417460585
0.17588388767148777
0.22412645855784774
0.06316009811650149
0.14434619917283584
0.15958208374098473
0.16018196424498357
0.07253918483517212
0.11007829871377037
0.05522099262724401
0.12375834056050529
0.06965459711740632
0.1010824267310655
0.06015206621523594
0.2695444885915552
0.0807508923957624
0.177850400069827
0.04396890433688027
0.12446181046705865
0.20932188644818267
0.051987272426729715
0.1371954314390138
0.22315725397387265
0.15628062840363985
0.11048667263717013
0.14756955478161943
0.20932533104750156
