0.9999999999999993
0.06650072440858548 1000 0.01508366012261142
0.31042247398772876 1000 0.5029962680070437
0.44257161569449655 1000 0.152665918903657
0.5063721290166978 1000 0.0518941286364889
0.543490633932488 1000 0.018524223402908824
0.5710400632861657 1000 0.007264042845132934
0.5947813433727591 1000 0.00331755325163563
0.6166348419397865 1000 0.0018771467444143042
0.6372703142488071 1000 0.0013218857385233207
0.6569385315101333 1000 0.0010865721544472962
0.6757430659496358 1000 0.0009692342108857943
0.6937323871896639 1000 0.0008964659793386787
0.7109335905237765 1000 0.0008412842822274058
0.727365480339965 1000 0.0007936959513994424
0.7430441996913603 1000 0.0007499816285765348
0.757985660981771 1000 0.000708751045138456
0.7722066327621432 1000 0.0006694800803987988
0.7857251296072942 1000 0.0006319653196289465
0.7985604835870846 1000 0.000596120027863023
0.810733241097596 1000 0.0005618977537800163
0.822264985999445 1000 0.0005292638612619527
0.8331781290322642 1000 0.0004981851216268041
0.8434956929504192 1000 0.0004686261433164418
0.8532411048885453 1000 0.00044054839562335246
0.8624380041697968 1000 0.00041391021571701714
0.8711100682617214 1000 0.0003886671788659868
0.8792808584368923 1000 0.00036477259012279717
0.8869736849611828 1000 0.0003421780002659247
0.8942114912165824 1000 0.0003208337049906973
0.9010167556206438 1000 0.00030068920995951487
0.9074114100722471 1000 0.00028169365392116674
0.9134167735093889 1000 0.00026379618675687055
0.9190534991581869 1000 0.00024694630216437474
0.9243415340569114 1000 0.0002310941261001176
0.9293000894931116 1000 0.00021619066288192101
0.9339476210558397 1000 0.00020218800162030703
0.9383018170873567 1000 0.00018903948610304866
0.9423795944052061 1000 0.0001766998512540141
0.9461971002574027 1000 0.00016512532945966996
0.9497697195650364 1000 0.00015427373000154176
0.9531120865970433 1000 0.0001441044947565473
0.9562381003090837 1000 0.00013457873316191638
0.9591609426617358 1000 0.00012565923911544985
0.9618930993112482 1000 0.00011731049254404269
0.9644463821390171 1000 0.00010949864786269359
0.966831953153248 1000 0.00010219151152579542
0.9690603493576501 1000 9.535851055009203e-05
0.9711415082381968 1000 8.89706536693069e-05
0.9730847935693411 1000 8.30004867689027e-05
0.9748990212865866 1000 7.742204362681804e-05
0.9765924852127467 1000 7.221079348163073e-05
0.9781729824611007 1000 6.734358607030089e-05
0.9796478383704978 1000 6.27985951400234e-05
0.9810239308551184 1000 5.85552612450968e-05
0.9823077140760554 1000 5.459423416187548e-05
0.9835052413628455 1000 5.089731574159373e-05
0.9846221873313957 1000 4.744740336359854e-05
0.9856638691602843 1000 4.422843449081171e-05
0.9866352670008426 1000 4.1225332520156144e-05
0.9875410435075923 1000 3.8423954169530816e-05
0.9883855624851857 1000 3.581103855943013e-05
0.9891729066558105 1000 3.337415813220446e-05
0.9899068945576132 1000 3.110167143915987e-05
0.9905910965898503 1000 2.898267788342679e-05
0.9912288502248795 1000 2.7006974517185256e-05
0.9918232744102845 1000 2.5165014707617672e-05
0.9923772831870913 1000 2.3447868888304413e-05
0.9928935985518781 1000 2.184718722553214e-05
0.993374762591905 1000 2.0355164125795966e-05
0.9938231489231969 1000 1.89645047532494e-05
0.9942409734620953 1000 1.7668393232028734e-05
0.9946303045606708 1000 1.6460462598288927e-05
0.9949930725364488 1000 1.5334766591657e-05
0.9953310786263644 1000 1.4285752823361975e-05
0.9956460033943388 1000 1.3308237701181724e-05
0.9959394146211029 1000 1.2397382713302818e-05
0.9962127747041416 1000 1.1548672205208277e-05
0.9964674475946191 1000 1.0757892389356982e-05
0.9967047052972603 1000 1.0021111747526845e-05
0.9969257339579854 1000 9.334662575355424e-06
0.9971316395632949 1000 8.695123646873526e-06
0.9973234532740483 1000 8.099304067421542e-06
0.9975021364154443 1000 7.544227978328877e-06
0.9976685851438721 1000 7.0271204135607945e-06
0.9978236348102307 1000 6.545393891776996e-06
0.9979680640383498 1000 6.0966360182490575e-06
0.9981025985361678 1000 5.67859772182544e-06
0.9982279146563056 1000 5.289182447576479e-06
0.998344642721789 1000 4.926435838825682e-06
0.9984533701317828 1000 4.588536293148593e-06
0.9985546442613613 1000 4.2737859695662905e-06
0.9986489751684456 1000 3.980602526709731e-06
0.9987368381203608 1000 3.7075112713225167e-06
0.9988186759516522 1000 3.453137980002907e-06
0.9988949012641629 1000 3.2162020255910306e-06
0.9989658984795551 1000 2.9955100986356342e-06
0.999032025754087 1000 2.789950296566701e-06
0.9990936167645312 1000 2.598486569915792e-06
0.9991509823738481 1000 2.420153637494593e-06
0.9992044121845011 1000 2.254052095196357e-06
0.9992541759868686 1000 2.0993440426053667e-06
0.9993005251097405 1000 1.9552488073060204e-06
0.9993436936793829 1000 1.8210391159456663e-06
0.9993838997933217 1000 1.6960374251695498e-06
0.9994213466145128 1000 1.57961255720096e-06
0.9994562233912346 1000 1.4711764899644209e-06
0.9994887064077225 1000 1.3701815042566068e-06
0.9995189598701565 1000 1.2761173167064044e-06
0.9995471367323732 1000 1.1885086443896853e-06
0.9995733794653799 1000 1.1069127152651959e-06
0.999597820774448 1000 1.030917107236462e-06
0.9996205842673198 1000 9.601376538270756e-07
0.999641785076877 1000 8.942165079517395e-07
0.9996615304413058 1000 8.328203504603948e-07
0.9996799202446661 1000 7.756387212509708e-07
0.9996970475205544 1000 7.223824187718719e-07
0.9997129989213565 1000 6.727820895946479e-07
0.9997278551554349 1000 6.265868526256213e-07
0.9997416913944405 1000 5.835630085826438e-07
0.9997545776527401 1000 5.434929146730383e-07
0.9997665791409447 1000 5.061738317380104e-07
0.9997777565951775 1000 4.714169543618141e-07
0.9997881665838798 1000 4.390463992365312e-07
0.9997978617935716 1000 4.088983693861792e-07
0.99980689129505 1000 3.8082029973907083e-07
0.999815300791371 1000 3.5467010839340674e-07
0.9998231328488453 1000 3.303154256784069e-07
0.9998304271121807 1000 3.0763301506198104e-07
0.9998372205049364 1000 2.865080546143872e-07
0.9998435474161778 1000 2.6683362719381876e-07
0.9998494398743861 1000 2.485101422422531e-07
0.9998549277094329 1000 2.3144486593906777e-07
0.9998600387034235 1000 2.155513856294533e-07
0.9998647987312432 1000 2.00749264323008e-07
0.9998692318914271 1000 1.8696357262371066e-07
0.9998733606280862 1000 1.7412451480680602e-07
0.9998772058444276 1000 1.6216709575189725e-07
0.999880787008551 1000 1.5103077544154075e-07
0.9998841222519225 1000 1.4065917763872449e-07
0.9998872284611283 1000 1.3099979767616787e-07
0.9998901213633451 1000 1.220037217919412e-07
0.9998928156058966 1000 1.1362541130210957e-07
0.9998953248304162 1000 1.0582244769352656e-07
0.9998976617418613 1000 9.855532301372705e-08
0.9998998381728278 1000 9.178723114899867e-08
0.9999018651434406 1000 8.548391239315833e-08
0.9999037529171251 1000 7.961346693008409e-08
0.9999055110525672 1000 7.414613811818072e-08
0.999907148452097 1000 6.905427518688612e-08
0.9999086734067503 1000 6.43120721122159e-08
0.9999100936382387 1000 5.989554008323239e-08
0.9999114163380433 1000 5.578229167468862e-08
0.9999126482038228 1000 5.1951508872605245e-08
0.9999137954733066 1000 4.8383803630258626e-08
0.9999148639558945 1000 4.5061106845878385e-08
0.9999158590620525 1000 4.1966580432983847e-08
0.9999167858307173 1000 3.908456847057096e-08
0.999917648954789 1000 3.6400472858133526e-08
0.9999184528049199 1000 3.39007071303854e-08
0.9999192014516098 1000 3.1572604974883234e-08
0.9999198986858467 1000 2.940438292853287e-08
0.9999205480382793 1000 2.7385066658780488e-08
0.9999211527971006 1000 2.550441546844695e-08
0.9999217160247079 1000 2.3752914302122008e-08
0.999922240573179 1000 2.212170624460441e-08
0.9999227290987551 1000 2.0602508143952036e-08
0.9999231840752475 1000 1.9187649691332354e-08
0.9999236078066013 1000 1.7869947299686828e-08
0.9999240024385306 1000 1.664273696633245e-08
0.9999243699694023 1000 1.5499810324115515e-08
0.999924712260358 1000 1.4435365791598542e-08
0.9999250310447122 1000 1.3444035218412864e-08
0.9999253279367595 1000 1.2520763981171967e-08
0.9999256044399304 1000 1.166090690674082e-08
0.9999258619544152 1000 1.0860106591792373e-08
0.9999261017842476 1000 1.0114289850093883e-08
0.9999263251438953 1000 9.419696134216338e-09
0.9999265331644446 1000 8.772804704904047e-09
0.9999267268992923 1000 8.170335519253058e-09
0.999926907329502 1000 7.609237684391701e-09
0.999927075368751 1000 7.086682352053231e-09
0.999927231867988 1000 6.600004098800127e-09
0.9999273776197171 1000 6.146752440372438e-09
0.9999275133620095 1000 5.7246287710199795e-09
0.9999276397822595 1000 5.331488139859175e-09
0.9999277575206574 1000 4.965352573549353e-09
0.9999278671734183 1000 4.624360450122822e-09
0.9999279692958253 1000 4.306780709839586e-09
0.9999280644050129 1000 4.011015519722605e-09
0.9999281529826177 1000 3.735560305528907e-09
0.9999282354771921 1000 3.4790224034964012e-09
0.9999283123064822 1000 3.2401050731323267e-09
0.9999283838595483 1000 3.0175861809311755e-09
0.999928450498737 1000 2.8103608329388408e-09
0.9999285125615012 1000 2.617355221445905e-09
0.9999285703621295 1000 2.437611001937512e-09
0.9999286241933217 1000 2.2702071333924323e-09
0.9999286743276743 1000 2.114306063560889e-09
0.9999287210190693 1000 1.9691066555083125e-09
0.9999287645039459 1000 1.8338761620384503e-09
0.9999288050025179 1000 1.7079315739465528e-09
0.9999288427198622 1000 1.5906458372683119e-09
0.9999288778469803 1000 1.4814061088941344e-09
0.9999289105617555 1000 1.3796705999880032e-09
0.9999289410298519 1000 1.2849268316017515e-09
0.9999289694055634 1000 1.1966792001771864e-09
0.9999289958325858 1000 1.1145004918944323e-09
0.9999290204447387 1000 1.037961716576774e-09
0.9999290433666567 1000 9.666818456821602e-10
0.9999290647144236 1000 9.002887324527364e-10
0.9999290845961377 1000 8.384670735495092e-10
0.999929103112483 1000 7.808864666003501e-10
0.99992912035722 1000 7.272591417972762e-10
0.9999291364176851 1000 6.773142047222791e-10
0.9999291513752011 1000 6.307994127041638e-10
0.9999291653055126 1000 5.874785102832902e-10
0.9999291782791665 1000 5.471338937468317e-10
0.9999291903618585 1000 5.095639465935164e-10
0.9999292016147753 1000 4.74565275965233e-10
0.9999292120948994 1000 4.419744570327566e-10
0.9999292218553079 1000 4.1162273589634424e-10
0.999929230945418 1000 3.8335556951096805e-10
0.9999292394112735 1000 3.5702640843737754e-10
0.9999292472957336 1000 3.325117958752344e-10
0.9999292546387334 1000 3.0967406416948506e-10
0.9999292614774553 1000 2.8840929644502467e-10
0.999929267846532 1000 2.6860114132887247e-10
0.9999292737782128 1000 2.5015189919486147e-10
0.9999292793025356 1000 2.3297808127153985e-10
0.9999292844474792 1000 2.169775470406421e-10
0.9999292892390947 1000 2.020765776933331e-10
0.999929293701644 1000 1.8819701352867924e-10
0.9999292978577349 1000 1.7527046480836361e-10
0.9999293017284026 1000 1.6323742357826632e-10
0.9999293053332555 1000 1.5203038827849014e-10
0.9999293086905463 1000 1.4158274552755756e-10
0.9999293118172756 1000 1.318634090807791e-10
0.999929314729281 1000 1.2280576555667722e-10
0.9999293174413006 1000 1.1437251146162453e-10
0.999929319967074 1000 1.0651834969621632e-10
0.9999293223193916 1000 9.920508858840549e-11
0.9999293245101646 1000 9.239098375246613e-11
0.9999293265504896 1000 8.604672530054813e-11
0.999929328450693 1000 8.01385624527029e-11
0.999929330220398 1000 7.463274442898182e-11
0.9999293318685719 1000 6.95070667688924e-11
0.9999293334035603 1000 6.473666047668303e-11
0.9999293348331315 1000 6.02904393076642e-11
0.9999293361645245 1000 5.614886333660252e-11
0.99992933740449 1000 5.228883992458577e-11
0.9999293385592978 1000 4.870237546583667e-11
0.9999293396347979 1000 4.5357495537245995e-11
0.999929340636443 1000 4.2239101105678856e-11
0.9999293415692976 1000 3.934275127903675e-11
0.9999293424380893 1000 3.6640912526308966e-11
0.9999293432472143 1000 3.411759763594091e-11
0.9999293440007777 1000 3.178612928422808e-11
0.9999293447025887 1000 2.959588130124757e-11
0.9999293453562016 1000 2.7563729076973686e-11
0.9999293459649267 1000 2.567279722143212e-11
0.9999293465318492 1000 2.391153941516677e-11
0.999929347059839 1000 2.226574480346244e-11
0.9999293475515691 1000 2.0735413386319124e-11
0.9999293480095329 1000 1.9312551557959523e-11
0.9999293484360415 1000 1.7987389355766936e-11
0.9999293488332631 1000 1.6752821352383762e-11
0.9999293492032016 1000 1.56008539420327e-11
0.9999293495477394 1000 1.4532375303133449e-11
0.9999293498686134 1000 1.3530510045711708e-11
0.9999293501674515 1000 1.2604139953964477e-11
0.9999293504457681 1000 1.1733725102658354e-11
0.9999293507049681 1000 1.0930811811249441e-11
0.9999293509463727 1000 1.0180301046602835e-11
0.9999293511711967 1000 9.481304630298837e-12
