0.06651926950709205 1000 0.015208218033362364
0.3110168866112608 1000 0.5058326972133793
0.4429062617531991 1000 0.15284722542190465
0.5066263464303485 1000 0.05181092207162674
0.5439262658796852 1000 0.018465665322358937
0.5717956607739598 1000 0.007251036804490241
0.5959025410821905 1000 0.0033305450146299265
0.6181200575200985 1000 0.001901268791876909
0.6390961090450354 1000 0.0013492310739007252
0.6590725675916723 1000 0.0011134517940014632
0.6781498903932974 1000 0.0009941004476985427
0.6963763406386663 1000 0.0009187778681241099
0.7137800813803377 1000 0.0008609501770049377
0.7303816707479348 1000 0.000810814711337926
0.7461993035265111 1000 0.000764726496342405
0.7612511031409425 1000 0.0007213189443211476
0.7755560961040358 1000 0.0006800699114899444
0.7891345543569434 1000 0.000640768906151834
0.8020080235347998 1000 0.0006033184858180718
0.8141991965608787 1000 0.000567660193486752
0.8257317163814537 1000 0.000533747097080095
0.8366299529048282 1000 0.0005015338352301058
0.8469187784223852 1000 0.0004709732622920626
0.856623354350484 1000 0.00044201558424017406
0.8657689357440863 1000 0.0004146084281240192
0.8743806964326784 1000 0.00038869724895551627
0.8824835755873025 1000 0.0003642258414346955
0.8901021453683978 1000 0.00034113686335501825
0.8972604986518511 1000 0.0003193723337373555
0.9039821554756733 1000 0.0002988740884628527
0.9102899866724224 1000 0.00027958418781892647
0.9162061530851361 1000 0.00026144527436677834
0.921752058765554 1000 0.00024440088115085246
0.9269483165985487 1000 0.00022839569324872855
0.931814724869541 1000 0.00021337576468472008
0.9363702533820024 1000 0.00019928869491447898
0.9406330378323272 1000 0.00018608376809758909
0.9446203812544439 1000 0.00017371205889649133
0.9483487614526928 1000 0.0001621265089921664
0.9518338434459885 1000 0.00015128197729730175
0.9550904960473776 1000 0.00014113526770387352
0.9581328117990564 1000 0.0001316451372623817
0.9609741295734056 1000 0.00012277228795376516
0.9636270592343575 1000 0.0001144793445524428
0.9661035078310866 1000 0.00010673082087819807
0.9684147068664198 1000 9.949307676837549e-05
0.970571240246832 1000 9.2734267667538e-05
0.9725830725785288 1000 8.642428815974768e-05
0.9744595775259928 1000 8.053471133973034e-05
0.9762095659954522 1000 7.503872475123075e-05
0.9778413139465982 1000 6.991106477105546e-05
0.9793625896717245 1000 6.51279490853085e-05
0.9807806804129986 1000 6.0667009426751406e-05
0.9821024182158798 1000 5.6507224160284864e-05
0.9833342049405331 1000 5.262885172019338e-05
0.9844820363733561 1000 4.901336525442446e-05
0.9855515253982584 1000 4.56433887769947e-05
0.9865479242022261 1000 4.2502635078989215e-05
0.9874761455020674 1000 3.9575845740991156e-05
0.9883407827898744 1000 3.684873304532488e-05
0.98914612960323 1000 3.430792459901966e-05
0.9898961978335055 1000 3.194090979619091e-05
0.9905947350911241 1000 2.973598893873941e-05
0.9912452411514578 1000 2.768222464055725e-05
0.9918509835083944 1000 2.5769395619157365e-05
0.9924150120654859 1000 2.398795273883536e-05
0.9929401729964094 1000 2.2328977427932273e-05
0.9934291218079365 1000 2.078414227835168e-05
0.9938843356392812 1000 1.9345673761606008e-05
0.9943081248322121 1000 1.8006317034746644e-05
0.9947026438062192 1000 1.675930288680405e-05
0.9950699012727814 1000 1.559831638076048e-05
0.9954117698222305 1000 1.4517467438857068e-05
0.9957299949160502 1000 1.3511263352583569e-05
0.9960262033164086 1000 1.2574582556545977e-05
0.9963019109839475 1000 1.1702650476230758e-05
0.9965585304735621 1000 1.0891016467340364e-05
0.9967973778569499 1000 1.0135532439115025e-05
0.9970196791993239 1000 9.432332753966932e-06
0.9972265766166785 1000 8.777815345695217e-06
0.9974191339386617 1000 8.16862409269703e-06
0.9975983420008988 1000 7.601632393772206e-06
0.9977651235895142 1000 7.073927607237351e-06
0.9979203380592969 1000 6.582796770793209e-06
0.9980647856459322 1000 6.125712967985919e-06
0.9981992114915085 1000 5.700322823543047e-06
0.9983243094015496 1000 5.304434692376958e-06
0.9984407253506371 1000 4.936007744760218e-06
0.9985490607528933 1000 4.593141493813846e-06
0.9986498755124223 1000 4.274066571774426e-06
0.9987436908681119 1000 3.97713538280442e-06
0.9988309920461793 1000 3.7008141005046014e-06
0.9989122307331103 1000 3.4436746831900678e-06
0.9989878273808276 1000 3.2043877506993113e-06
0.9990581733551833 1000 2.9817157365386038e-06
0.9991236329382241 1000 2.77450661378964e-06
0.9991845451939213 1000 2.581688026914719e-06
0.9992412257065392 1000 2.402261725542587e-06
0.9992939682001628 1000 2.2352986972506983e-06
0.999343046047378 1000 2.0799340569865876e-06
0.9993887136745653 1000 1.9353629490126423e-06
0.9994312078708375 1000 1.8008361788446337e-06
0.9994707490070638 1000 1.6756565042186367e-06
0.9995075421711324 1000 1.5591749953358658e-06
0.9995417782251739 1000 1.4507876882063897e-06
0.99957363478994 1000 1.349932528427189e-06
0.9996032771614564 1000 1.2560864171007324e-06
0.9996308591644304 1000 1.1687625356415765e-06
0.9996565239468358 1000 1.087507838448687e-06
0.9996804047196608 1000 1.0119007312070494e-06
0.9997026254455532 1000 9.415488726460808e-07
0.9997233014799273 1000 8.760871255120151e-07
0.9997425401677448 1000 8.151757482366406e-07
0.9997604413990197 1000 7.584985448616521e-07
0.9997770981259365 1000 7.057612920746692e-07
0.9997925968441362 1000 6.566901804561098e-07
0.9998070180407326 1000 6.110304484607809e-07
0.9998204366112825 1000 5.68545008405863e-07
0.9998329222478715 1000 5.29013225225583e-07
0.9998445398003306 1000 4.922298000309411e-07
0.9998553496124034 1000 4.5800373715820797e-07
0.999865407834629 1000 4.261572525976476e-07
0.9998747667155052 1000 3.9652494088215917e-07
0.9998834748724851 1000 3.6895288779703606e-07
0.999891577544163 1000 3.4329786835485265e-07
0.9998991168249797 1000 3.1942664335815607e-07
0.9999061318836213 1000 2.9721516359160205e-07
0.9999126591662764 1000 2.765480653366126e-07
0.9999187325857888 1000 2.5731799979666903e-07
0.9999243836976743 1000 2.394250175896673e-07
0.9999296418639131 1000 2.2277618150212675e-07
0.9999345344053767 1000 2.072850078249644e-07
0.9999390867436648 1000 1.928709965071107e-07
0.9999433225331099 1000 1.7945923502793448e-07
0.9999472637835846 1000 1.669800520076592e-07
0.999950930974799 1000 1.553686228561446e-07
0.9999543431626498 1000 1.4456459140888e-07
0.9999575180781939 1000 1.3451183455970295e-07
0.99996047221973 1000 1.251580972194688e-07
0.9999632209384872 1000 1.1645478181776525e-07
0.9999657785183682 1000 1.0835667652031589e-07
0.9999681582501381 1000 1.0082169321634638e-07
0.999970372500464 1000 9.38106525794069e-08
0.9999724327761651 1000 8.7287158834215e-08
0.9999743497839859 1000 8.121729155874391e-08
0.999976133486209 1000 7.556949288556325e-08
0.9999777931524245 1000 7.03144475977524e-08
0.9999793374076847 1000 6.542482378080194e-08
0.9999807742773136 1000 6.087521686737318e-08
0.9999821112286086 1000 5.6641986212468964e-08
0.9999833552096249 1000 5.270312364302754e-08
0.9999845126853042 1000 4.903817085732953e-08
0.9999855896710331 1000 4.5628062217417664e-08
0.9999865917639262 1000 4.245509277467363e-08
0.9999875241718965 1000 3.950279570119619e-08
0.999988391740716 1000 3.6755742449656736e-08
0.999989198979201 1000 3.419977012697473e-08
0.9999899500826465 1000 3.1821514312468935e-08
0.9999906489546094 1000 2.960865685963654e-08
0.9999912992272098 1000 2.7549655001735118e-08
0.9999919042800008 1000 2.5633857703155627e-08
0.9999924672575237 1000 2.3851276509390118e-08
0.9999929910856613 1000 2.2192661930375834e-08
0.9999934784868303 1000 2.0649377319159612e-08
0.9999939319941472 1000 1.9213421076358372e-08
0.9999943539645668 1000 1.7877303193358784e-08
0.9999947465911492 1000 1.663411808294768e-08
0.9999951119144558 1000 1.547737227269863e-08
0.9999954518331444 1000 1.440107499917076e-08
0.9999957681138442 1000 1.3399629850141537e-08
0.999996062400341 1000 1.2467804566540508e-08
0.9999963362221006 1000 1.1600799432187614e-08
0.9999965910022458 1000 1.079406697357399e-08
0.9999968280649205 1000 1.0043445186624922e-08
0.9999970486422052 1000 9.345027862650568e-09
0.9999972538804874 1000 8.695161923810701e-09
0.9999974448464419 1000 8.09050781924725e-09
0.9999976225325722 1000 7.527884093860848e-09
0.9999977878623533 1000 7.004389956932755e-09
0.9999979416950517 1000 6.5173004770713305e-09
0.9999980848301732 1000 6.064086122137269e-09
0.9999982180116257 1000 5.642401212924142e-09
0.9999983419315982 1000 5.250009316171145e-09
0.999998457234129 1000 4.884920912218149e-09
0.9999985645184788 1000 4.545229970176479e-09
0.9999986643422328 1000 4.229148586887277e-09
0.9999987572242062 1000 3.935053172199332e-09
0.9999988436471311 1000 3.66141517105234e-09
0.9999989240601682 1000 3.4067850762653507e-09
0.9999989988812531 1000 3.1698830227355757e-09
0.9999990684992464 1000 2.9494469089286213e-09
0.9999991332759759 1000 2.744346971894629e-09
0.9999991935481021 1000 2.553488975820528e-09
0.9999992496288819 1000 2.375934116116696e-09
0.9999993018097777 1000 2.210708061056721e-09
0.9999993503619884 1000 2.056956383000852e-09
0.9999993955378627 1000 1.9139339002549605e-09
0.9999994375721828 1000 1.7808350349923785e-09
0.9999994766834183 1000 1.6569989824688491e-09
0.9999995130748391 1000 1.5417551679774988e-09
0.9999995469355836 1000 1.4345573617902119e-09
0.9999995784416398 1000 1.3347882799052968e-09
0.9999996077567452 1000 1.2419665296192761e-09
0.9999996350332685 1000 1.1555947310171177e-09
0.999999660412968 1000 1.075248334814205e-09
0.9999996840277529 1000 1.0004672645891333e-09
0.9999997060003535 1000 9.30891808081924e-10
0.9999997264449659 1000 8.661587003189197e-10
0.9999997454678533 1000 8.059339862143133e-10
0.9999997631678785 1000 7.498739407196808e-10
0.9999997796370393 1000 6.977352029480244e-10
0.9999997949609217 1000 6.492140158798065e-10
0.9999998092191775 1000 6.040696831632886e-10
0.9999998224859056 1000 5.620650611604106e-10
0.9999998348300593 1000 5.229789934446671e-10
0.999999846315797 1000 4.865947644816515e-10
0.9999998570028084 1000 4.5277115390263134e-10
0.9999998669466406 1000 4.212816762105831e-10
0.9999998761989727 1000 3.9198067014467597e-10
0.9999998848078926 1000 3.6472957987143673e-10
0.9999998928181462 1000 3.3936764509689965e-10
0.9999999002713591 1000 3.157536454523324e-10
0.9999999072062745 1000 2.9381475030731963e-10
0.9999999136589331 1000 2.7337598851318035e-10
0.9999999196628718 1000 2.5436008854740066e-10
0.9999999252492896 1000 2.3667556803275147e-10
0.9999999304472301 1000 2.2021229284518995e-10
0.9999999352836989 1000 2.049063141384977e-10
0.9999999397838399 1000 1.9065282685915008e-10
0.9999999439710375 1000 1.773914348746075e-10
0.9999999478670547 1000 1.6506440658758947e-10
0.9999999514921415 1000 1.5358025962086685e-10
0.9999999548651414 1000 1.4290524319449105e-10
0.9999999580035768 1000 1.3296030942910875e-10
0.9999999609237652 1000 1.2371348390161074e-10
0.9999999636408815 1000 1.1512035769101203e-10
0.9999999661690516 1000 1.071018829179593e-10
0.9999999685214094 1000 9.965450686877375e-11
0.9999999707101803 1000 9.273737333614918e-11
0.9999999727467472 1000 8.628830983070657e-11
0.9999999746416871 1000 8.028155917827462e-11
0.9999999764048552 1000 7.469136420468203e-11
0.9999999780454089 1000 6.95088431257318e-11
0.9999999795718763 1000 6.467715252256312e-11
0.9999999809921968 1000 6.017053522100468e-11
0.9999999823137463 1000 5.598010943685949e-11
0.9999999835433909 1000 5.2090776136992645e-11
0.9999999846875279 1000 4.8475001790393435e-11
0.9999999857521007 1000 4.510525286605116e-11
0.999999986742643 1000 4.196554215241122e-11
0.9999999876643053 1000 3.9044323330017505e-11
0.9999999885218698 1000 3.6338931863610924e-11
0.9999999893198022 1000 3.3796077048009465e-11
0.9999999900622463 1000 3.1462832339457236e-11
0.9999999907530592 1000 2.9265478929119126e-11
0.9999999913958295 1000 2.723155034800584e-11
0.9999999919939069 1000 2.5337065778785473e-11
0.9999999925503882 1000 2.3576696150939824e-11
0.9999999930681769 1000 2.1930013360815792e-11
0.9999999935499564 1000 2.041655733364678e-11
0.9999999939982305 1000 1.8988366434768977e-11
0.9999999944153344 1000 1.7674750552032492e-11
0.999999994803431 1000 1.645528158178422e-11
0.9999999951645395 1000 1.5297096922495257e-11
0.9999999955005339 1000 1.4217071964139905e-11
0.9999999958131653 1000 1.3255174735604669e-11
0.999999996104056 1000 1.2317258324401337e-11
0.9999999963747184 1000 1.1468159755168017e-11
0.9999999966265607 1000 1.0675016426375805e-11
0.9999999968608855 1000 9.9253938401489e-12
