0.25221711631756055
0.4197529212674849 1000 0.5393623386579947
0.4365627558002389 1000 0.6111627337708629
0.4374180368663995 1000 0.5703787468426773
0.46291427622922665 1000 0.402997660025072
0.501598052159019 1000 0.24706837529471315
0.5470333241882074 1000 0.13751449586004227
0.5847167217204946 1000 0.06286382122127421
0.615687818181389 1000 0.023167249273289947
0.6410808049457288 1000 0.00785080646111247
0.6632560185140083 1000 0.0029340107580848596
0.6831779618483557 1000 0.0014650556248660962
0.7016329299045398 1000 0.0010156739343862853
0.7188929228672516 1000 0.0008575457629449446
0.735197332872529 1000 0.0007824743764937026
0.7506323405193789 1000 0.0007318916720491231
0.7652807023787895 1000 0.0006894122172722561
0.7791803195053552 1000 0.0006504057088214665
0.7923698082947184 1000 0.0006135616972846591
0.8048752516374722 1000 0.0005784882522030799
0.816723733130463 1000 0.0005450571459535425
0.8279391441711155 1000 0.0005132089515429428
0.8385460418462254 1000 0.00048290260007544106
0.848568259278842 1000 0.0004540987756511683
0.8580299065948412 1000 0.0004267566540896439
0.8669548482602901 1000 0.00040083274604540975
0.8753668913596377 1000 0.0003762812394469961
0.8832895454527147 1000 0.00035305433644783335
0.8907460005906263 1000 0.00033110278244308233
0.8977589942422055 1000 0.000310376318725325
0.9043507519619514 1000 0.0002908241339127926
0.9105429066415657 1000 0.0002723952570038435
0.9163564480876715 1000 0.00025503891365463716
0.9218116748936299 1000 0.00023870483372157025
0.9269281623311185 1000 0.0002233435174980869
0.9317247374287674 1000 0.00020890646015736536
0.9362194642620255 1000 0.00019534633851137073
0.9404296361791481 1000 0.00018261716272771622
0.9443717750898648 1000 0.0001706743963119095
0.9480616362397961 1000 0.00015947504787039435
0.9515142179121671 1000 0.0001489777374636958
0.9547437750840225 1000 0.00013914274093718149
0.9577638364079485 1000 0.00012993201493038953
0.9605872238303401 1000 0.00012130920529074274
0.9632260743046381 1000 0.00011323964134746234
0.9656918630885489 1000 0.00010569031829987807
0.9679954281987461 1000 9.862986965991638e-05
0.9701469956440247 1000 9.202853162815217e-05
0.972156205116767 1000 8.585810098704627e-05
0.9740321358672401 1000 8.009188777879928e-05
0.9757833325296753 1000 7.470466422709876e-05
0.9774178307062644 1000 6.967261070034425e-05
0.978943182149368 1000 6.497325987542268e-05
0.9803664794116987 1000 6.058543960385521e-05
0.981694379860206 1000 5.648921547773966e-05
0.9829331289720855 1000 5.266583326868357e-05
0.9840885828507909 1000 4.909766203997634e-05
0.985166229916847 1000 4.576813804657576e-05
0.9861712117426755 1000 4.26617099291704e-05
0.9871083430127636 1000 3.976378523429247e-05
0.9879821306010148 1000 3.7060678681477555e-05
0.9887967917655928 1000 3.4539562117963385e-05
0.9895562714687705 1000 3.218841636520864e-05
0.9902642588352129 1000 2.9995985011410653e-05
0.9909242027667589 1000 2.7951730163344735e-05
0.9915393267355379 1000 2.60457901930522e-05
0.9921126427802915 1000 2.4268939497140707e-05
0.9926469647327416 1000 2.2612550163891854e-05
0.9931449207027091 1000 2.1068555649428333e-05
0.9936089648514695 1000 1.962941625954784e-05
0.9940413884837228 1000 1.8288086559792305e-05
0.9944443304885734 1000 1.7037984506806936e-05
0.994819787160095 1000 1.5872962259244616e-05
0.9951696214275894 1000 1.4787278773020773e-05
0.9954955715252309 1000 1.3775573830976384e-05
0.9957992591301639 1000 1.2832843687249351e-05
0.9960821969972474 1000 1.1954418099868747e-05
0.9963457961178571 1000 1.1135938770223675e-05
0.9965913724290782 1000 1.0373339072167198e-05
0.9968201530987945 1000 9.662825024570054e-06
0.9970332824109388 1000 9.000857467356127e-06
0.9972318272742647 1000 8.384135256278569e-06
0.997416782376876 1000 7.8095796602895e-06
0.9975890750076596 1000 7.274319592909251e-06
0.9977495695648294 1000 6.775677870329844e-06
0.9978990717706089 1000 6.311158345262413e-06
0.9980383326102155 1000 5.878433825934337e-06
0.9981680520122799 1000 5.475334791782416e-06
0.9982888822868428 1000 5.099838871203133e-06
0.9984014313362679 1000 4.7500609809958405e-06
0.998506265653471 1000 4.424244082201767e-06
0.9986039131210162 1000 4.120750594971412e-06
0.9986948656238956 1000 3.838054352556242e-06
0.9987795814879878 1000 3.5747330828783674e-06
0.9988584877555087 1000 3.329461391921029e-06
0.9989319823080408 1000 3.1010042373935676e-06
0.9990004358471445 1000 2.8882107709904403e-06
0.9990641937418111 1000 2.6900086904646514e-06
0.9991235777516145 1000 2.505398873253739e-06
0.9991788876337034 1000 2.3334504000160905e-06
0.9992304026413115 1000 2.173295986729329e-06
0.9992783829210358 1000 2.024127596200742e-06
0.9993230708155842 1000 1.8851924137308629e-06
0.9993646920783061 1000 1.7557891300867823e-06
0.9994034570053586 1000 1.6352643870121142e-06
0.9994395614911157 1000 1.5230095549156886e-06
0.9994731880118674 1000 1.418457625135261e-06
0.9995045065426713 1000 1.3210804263863452e-06
0.9995336754118873 1000 1.2303859424633856e-06
0.999560842097499 1000 1.1459158564264271e-06
0.9995861439692687 1000 1.0672432448899372e-06
0.9996097089802849 1000 9.939704117556403e-07
0.999631656311383 1000 9.257269653062394e-07
0.9996520969716007 1000 8.621678277975775e-07
0.9996711343576669 1000 8.029716243029839e-07
0.9996888647752925 1000 7.478389933979201e-07
0.9997053779248567 1000 6.964910932438784e-07
0.9997207573539058 1000 6.486682035955482e-07
0.9997350808787311 1000 6.041284192903618e-07
0.9997484209771182 1000 5.626464227859174e-07
0.9997608451542481 1000 5.240123490679593e-07
0.9997724162835341 1000 4.880307375998427e-07
0.9997831929241914 1000 4.5451950292374477e-07
0.9997932296170098 1000 4.2330910599019944e-07
0.9998025771599084 1000 3.942415931490473e-07
0.9998112828646347 1000 3.67169875836737e-07
0.9998193907958444 1000 3.419569374329967e-07
0.9998269419938441 1000 3.1847518044969547e-07
0.9998339746820408 1000 2.966057541797795e-07
0.9998405244601853 1000 2.762379729404074e-07
0.9998466244843868 1000 2.5726874142151246e-07
0.9998523056347757 1000 2.3960203776596245e-07
0.9998575966716581 1000 2.2314843750592672e-07
0.9998625243810028 1000 2.078246517100979e-07
0.9998671137098996 1000 1.9355310598712094e-07
0.9998713878927877 1000 1.802615576806943e-07
0.999875368568969 1000 1.678827192819199e-07
0.9998790758921122 1000 1.563539120397195e-07
0.9998825286322032 1000 1.4561677730284828e-07
0.9998857442705317 1000 1.3561696032837744e-07
0.9998887390881387 1000 1.263038225118862e-07
0.9998915282482177 1000 1.1763022644828425e-07
0.9998941258728463 1000 1.0955224460929003e-07
0.9998965451144491 1000 1.0202898970135266e-07
0.9998987982223819 1000 9.502236242298068e-08
0.9999008966049038 1000 8.849688359902075e-08
0.9999028508869471 1000 8.241952453857948e-08
0.9999046709638819 1000 7.675950364216533e-08
0.9999063660515966 1000 7.14881744912077e-08
0.9999079447331725 1000 6.657883577787516e-08
0.9999094150023149 1000 6.200662294730819e-08
0.9999107843038175 1000 5.7748416715242e-08
0.999912059571263 1000 5.378261391797423e-08
0.9999132472621123 1000 5.008915948678805e-08
0.9999143533904019 1000 4.664934305509405e-08
0.999915383557198 1000 4.3445752773152435e-08
0.9999163429789311 1000 4.046216517394896e-08
0.9999172365138248 1000 3.768346346078033e-08
0.9999180686864959 1000 3.509559043379795e-08
0.9999188437108462 1000 3.268543036227811e-08
0.9999195655114045 1000 3.044078855651833e-08
0.9999202377432012 1000 2.835029189185434e-08
0.9999208638102731 1000 2.640335861059384e-08
0.9999214468828881 1000 2.459012815592132e-08
0.9999219899136214 1000 2.2901418539333918e-08
0.9999224956522763 1000 2.132868104354202e-08
0.9999229666598302 1000 1.9863946931764076e-08
0.9999234053213796 1000 1.849980435508769e-08
0.9999238138582435 1000 1.7229347726299693e-08
0.9999241943391945 1000 1.6046121764645704e-08
0.9999245486909379 1000 1.4944169457464795e-08
0.9999248787078546 1000 1.3917885510750239e-08
0.9999251860611214 1000 1.2962079409817306e-08
0.9999254723071272 1000 1.207192212859809e-08
0.9999257388953988 1000 1.1242888398044215e-08
0.999925987175909 1000 1.047078246330102e-08
0.999926218405919 1000 9.75171232653338e-09
0.9999264337563661 1000 9.082016028116868e-09
0.9999266343177553 1000 8.458314049164528e-09
0.9999268211057171 1000 7.877442698145387e-09
0.9999269950661248 1000 7.336461216311818e-09
0.9999271570799093 1000 6.832633125952725e-09
0.9999273079674876 1000 6.363408466825149e-09
0.9999274484929455 1000 5.9264033680506145e-09
0.999927579367893 1000 5.5194036008288094e-09
0.9999277012550768 1000 5.140369907508102e-09
0.9999278147717238 1000 4.787350071921992e-09
0.9999279204926702 1000 4.458580171728954e-09
0.999928018953285 1000 4.152394872392051e-09
0.9999281106521627 1000 3.8672256508220926e-09
0.9999281960536696 1000 3.6016478688338793e-09
0.9999282755902648 1000 3.3543079425157885e-09
0.9999283496647233 1000 3.123952652117623e-09
0.9999284186521546 1000 2.9094104903037987e-09
0.9999284829019046 1000 2.7096085375433177e-09
0.9999285427393323 1000 2.5235289413672035e-09
0.9999285984674489 1000 2.3502266799368954e-09
0.9999286503684655 1000 2.1888268975089886e-09
0.9999286987051974 1000 2.038507140866841e-09
0.9999287437224305 1000 1.8985168992458057e-09
0.9999287856481215 1000 1.7681358599475061e-09
0.9999288246945809 1000 1.6467085472982035e-09
0.9999288610595464 1000 1.5336194536530456e-09
0.999928894927157 1000 1.4283028093586836e-09
0.9999289264689283 1000 1.3302150492222609e-09
0.9999289558445807 1000 1.2388579051503257e-09
0.9999289832028697 1000 1.1537863997546083e-09
0.9999290086823407 1000 1.0745431211489631e-09
0.9999290324120182 1000 1.0007532580402767e-09
0.9999290545120699 1000 9.320295646375598e-10
0.9999290750944102 1000 8.680176577513521e-10
0.9999290942632632 1000 8.084057867563388e-10
0.9999291121157067 1000 7.528928591682416e-10
0.9999291287421371 1000 7.011893288222382e-10
0.9999291442267534 1000 6.530322949060974e-10
0.9999291586479716 1000 6.081828374249199e-10
0.9999291720788197 1000 5.6642068813062e-10
0.9999291845873058 1000 5.275255787751121e-10
0.999929196236781 1000 4.91287899251347e-10
0.9999292070862269 1000 4.575557710495559e-10
0.999929217190594 1000 4.261346830958246e-10
0.9999292266010499 1000 3.9686209873934786e-10
0.9999292353652439 1000 3.696118966445283e-10
0.9999292435275604 1000 3.4423131012317754e-10
0.9999292511293327 1000 3.20591553304439e-10
0.9999292582090555 1000 2.985691693879744e-10
0.999929264802582 1000 2.780682351044561e-10
0.9999292709433009 1000 2.589723990809034e-10
0.9999292766623072 1000 2.411910671185069e-10
0.9999292819885602 1000 2.2462298687742077e-10
0.9999292869490369 1000 2.091979922624887e-10
0.999929291568858 1000 1.9482992996699977e-10
0.9999292958714087 1000 1.8144863389579768e-10
0.9999292998784889 1000 1.6899548427318223e-10
0.9999293036103806 1000 1.573834396140228e-10
0.9999293070859868 1000 1.4657786095995107e-10
0.9999293103229079 1000 1.3650947039423045e-10
0.9999293133375322 1000 1.2713563535271533e-10
0.9999293161451313 1000 1.184057296654828e-10
0.9999293187599156 1000 1.1027179169786905e-10
0.9999293211951349 1000 1.0269829431308608e-10
0.999929323463114 1000 9.565059855276559e-11
0.9999293255753392 1000 8.908074278224376e-11
0.9999293275425121 1000 8.29585289352508e-11
0.999929329374588 1000 7.72626407297139e-11
0.9999293310808461 1000 7.196199192094355e-11
0.9999293326699259 1000 6.701572630163355e-11
0.9999293341498797 1000 6.24096330170687e-11
0.9999293355281943 1000 5.81339421046323e-11
0.9999293368118571 1000 5.413269832388323e-11
0.9999293380073628 1000 5.041744799427761e-11
0.9999293391207703 1000 4.695710487112592e-11
0.9999293401577113 1000 4.3731240850775066e-11
0.9999293411234442 1000 4.072564507850984e-11
0.9999293420228521 1000 3.793143577013325e-11
0.9999293428604953 1000 3.532374392989368e-11
0.9999293436406141 1000 3.290523409305024e-11
0.9999293443671582 1000 3.063682640913612e-11
0.9999293450438096 1000 2.8535396268125623e-11
0.9999293456739875 1000 2.6579627387945948e-11
0.9999293462608926 1000 2.474997984336369e-11
0.9999293468074898 1000 2.304911816963795e-11
0.9999293473165473 1000 2.1469048760991427e-11
0.9999293477906488 1000 1.999733711954832e-11
0.9999293482321898 1000 1.8617996033754025e-11
0.9999293486434088 1000 1.7342571823064645e-11
0.9999293490263897 1000 1.6153300919086178e-11
0.9999293493830674 1000 1.503952518078222e-11
0.9999293497152479 1000 1.4011014570769476e-11
0.9999293500246192 1000 1.304734098539484e-11
0.9999293503127433 1000 1.2149392603078013e-11
0.9999293505810816 1000 1.1321610315917496e-11
0.999929350830992 1000 1.0535572414482886e-11
0.9999293510637396 1000 9.817036072945484e-12
