0.13853222501284873
0.3822067878761265 1000 0.9084584220982643
0.4399450716600799 1000 0.4135989739242145
0.4247582166292286 1000 0.6984666313535506
0.4422798464478892 1000 0.5132388407919333
0.48284269884313863 1000 0.3260692919983956
0.5334345130412953 1000 0.18697720795483708
0.5774420625736024 1000 0.09361733642302106
0.6123717128123061 1000 0.03766932362113451
0.6403007742267871 1000 0.013063119242196386
0.6638331209864882 1000 0.004573827692977872
0.684630363440004 1000 0.0019645673825037235
0.7036089473934927 1000 0.0011751121623930771
0.721246946654829 1000 0.00091663818798704
0.737806611666482 1000 0.0008108258063064255
0.7534356274312515 1000 0.0007497489389338696
0.7682230353728695 1000 0.0007027619528496842
0.7822268031787453 1000 0.0006611384016341759
0.7954888216320503 1000 0.0006223605471982196
0.8080427133323262 1000 0.0005856780735475908
0.8199179792817479 1000 0.0005508452093527794
0.831142124877778 1000 0.0005177596918493066
0.8417417149507931 1000 0.0004863586707424261
0.851742853550514 1000 0.0004565886411267428
0.8611713628866944 1000 0.00042839692443141786
0.8700528087733407 1000 0.00040172951352523967
0.878412452608676 1000 0.0003765308130354583
0.8862751727091343 1000 0.00035274393614681543
0.8936653776527257 1000 0.00033031114560433394
0.9006069232409531 1000 0.00030917430792598566
0.9071230386704369 1000 0.0002892753175531837
0.9132362642281714 1000 0.0002705564769360791
0.918968401058036 1000 0.0002529608287140661
0.9243404726135565 1000 0.0002364324402472917
0.9293726969421673 1000 0.00022091664269385802
0.9340844687344579 1000 0.00020636022756814754
0.9384943500037873 1000 0.0001927116044821986
0.9426200682729824 1000 0.0001799209235553434
0.946478521199514 1000 0.00016794016638765896
0.9500857866470308 1000 0.00015672320921744642
0.9534571372979461 1000 0.00014622586173373975
0.9566070589911314 1000 0.00013640588487628946
0.9595492720568815 1000 0.00012722299060197173
0.962296755005622 1000 0.00011863882652374258
0.9648617700058165 1000 0.00011061694781400178
0.9672558896597875 1000 0.00010312277865853758
0.9694900246529113 1000 9.612356539712152e-05
0.9715744519126142 1000 8.958832292549346e-05
0.9735188429679832 1000 8.348777603561786e-05
0.9753322922498734 1000 7.779429702026164e-05
0.9770233451146069 1000 7.248184060060225e-05
0.9786000254129074 1000 6.752587735370241e-05
0.9800698624591568 1000 6.290332627312267e-05
0.9814399172856338 1000 5.8592487262920656e-05
0.9827168080918385 1000 5.4572974104161176e-05
0.9839067348210597 1000 5.082564850944493e-05
0.9850155028153048 1000 4.7332555362267215e-05
0.9860485455157743 1000 4.40768597842478e-05
0.9870109461897797 1000 4.104278600003397e-05
0.9879074586764239 1000 3.8215558287646445e-05
0.9887425271529847 1000 3.558134425940551e-05
0.9895203049318068 1000 3.312720024961635e-05
0.9902446723038244 1000 3.084101920070026e-05
0.9909192534502101 1000 2.871148081151631e-05
0.9915474324474689 1000 2.6728004240084147e-05
0.9921323683945951 1000 2.488070285622257e-05
0.9926770096931432 1000 2.3160341526384798e-05
0.9931841075127428 1000 2.1558296142032418e-05
0.993656228475642 1000 2.0066515181937916e-05
0.9940957665944662 1000 1.867748353134857e-05
0.9945049544975482 1000 1.738418830310451e-05
0.9948858739760589 1000 1.6180086655381842e-05
0.9952404658867245 1000 1.5059075414214362e-05
0.99557053944332 1000 1.401546248658292e-05
0.9958777809293105 1000 1.3043940190193837e-05
0.9961637618630597 1000 1.2139559942170308e-05
0.996429946645987 1000 1.129770862284829e-05
0.9966776997229647 1000 1.0514086414836754e-05
0.9969082922830644 1000 9.784686109348684e-06
0.9971229085275659 1000 9.105773428608188e-06
0.9973226515308823 1000 8.47386894609059e-06
0.9975085487190141 1000 7.885731029944054e-06
0.997681556988665 1000 7.33833973853848e-06
0.9978425674892666 1000 6.828882018083959e-06
0.9979924100887618 1000 6.354737711156133e-06
0.9981318575430127 1000 5.91346642675461e-06
0.9982616293875647 1000 5.50279546640553e-06
0.9983823955694093 1000 5.1206083782062706e-06
0.998494779835432 1000 4.764934400824927e-06
0.9985993628932568 1000 4.433938387116143e-06
0.9986966853591807 1000 4.125911699404128e-06
0.9987872505071564 1000 3.839263564842099e-06
0.9988715268318095 1000 3.5725128553210084e-06
0.9989499504377346 1000 3.324280783978395e-06
0.9990229272665768 1000 3.0932837580266437e-06
0.9990908351725887 1000 2.8783268826160224e-06
0.9991540258568491 1000 2.6782978492789766e-06
0.9992128266694632 1000 2.4921613483996907e-06
0.9992675422886752 1000 2.3189536273449107e-06
0.9993184562851363 1000 2.157777601929922e-06
0.9993658325790135 1000 2.007798441283626e-06
0.9994099167972303 1000 1.868238999946925e-06
0.9994509375375501 1000 1.738376019133625e-06
0.9994891075458495 1000 1.6175363626302897e-06
0.9995246248124452 1000 1.5050935031624135e-06
0.9995576735929722 1000 1.4004644475207328e-06
0.9995884253589999 1000 1.3031065115853835e-06
0.9996170396831316 1000 1.212514742832127e-06
0.9996436650630632 1000 1.1282191367811834e-06
0.9996684396888198 1000 1.0497823783595095e-06
0.9996914921570172 1000 9.767974491481368e-07
0.9997129421357854 1000 9.088855756900216e-07
0.9997329009837546 1000 8.456942985901605e-07
0.9997514723262695 1000 7.868956313217268e-07
0.9997687525917253 1000 7.321843042973342e-07
0.9997848315108046 1000 6.812763544417066e-07
0.9997997925811859 1000 6.339073941319384e-07
0.9998137135000614 1000 5.898315249552866e-07
0.99982666656669 1000 5.488198588921023e-07
0.9998387190570879 1000 5.106594143100551e-07
0.9998499335727423 1000 4.751520288337474e-07
0.999860368365165 1000 4.4211331928778463e-07
0.9998700776379384 1000 4.113716149944935e-07
0.9998791118278141 1000 3.827673120682107e-07
0.999887517866326 1000 3.561517960548599e-07
0.9998953394232636 1000 3.3138684951694586e-07
0.9999026171332198 1000 3.083437594142424e-07
0.9999093888064611 1000 2.8690289610722175e-07
0.999915689625133 1000 2.669528287313483e-07
0.9999215523258502 1000 2.4838992196407617e-07
0.999927007369632 1000 2.3111774183348643e-07
0.9999320831000231 1000 2.150465467920526e-07
0.9999368058902233 1000 2.0009284362743074e-07
0.9999412002800213 1000 1.8617890518157765e-07
0.9999452891032249 1000 1.7323248258094281e-07
0.9999490936061981 1000 1.611862847639145e-07
0.9999526335582245 1000 1.4997772357361328e-07
0.9999559273541481 1000 1.395485655919515e-07
0.9999589921099179 1000 1.298445839736928e-07
0.9999618437514783 1000 1.2081539590980128e-07
0.9999644970975005 1000 1.1241405584172526e-07
0.9999669659363359 1000 1.0459693911002432e-07
0.9999692630976643 1000 9.732338135393093e-08
0.9999714005191109 1000 9.055561811521784e-08
0.9999733893082821 1000 8.425846509396706e-08
0.9999752398004536 1000 7.839920623808894e-08
0.9999769616122863 1000 7.294737347507407e-08
0.9999785636917569 1000 6.787467210500608e-08
0.9999800543646739 1000 6.315469835982412e-08
0.9999814413779224 1000 5.8762955390534444e-08
0.9999827319397109 1000 5.467660812996655e-08
0.999983932757044 1000 5.0874414903034904e-08
0.9999850500705412 1000 4.733661107536591e-08
0.9999860896868865 1000 4.4044841551738045e-08
0.9999870570089964 1000 4.098199024582527e-08
0.9999879570640837 1000 3.813208593328454e-08
0.9999887945297877 1000 3.548039284595461e-08
0.9999895737584893 1000 3.301309625669546e-08
0.9999902987999155 1000 3.071735310555823e-08
0.9999909734221818 1000 2.858128578253627e-08
0.9999916011313815 1000 2.659371745039607e-08
0.9999921851898131 1000 2.4744395865639035e-08
0.9999927286329063 1000 2.3023682516054578e-08
0.9999932342850246 1000 2.1422608575960567e-08
0.9999937047741251 1000 1.9932874018024904e-08
0.9999941425454236 1000 1.854672060375151e-08
0.9999945498741035 1000 1.725699050325602e-08
0.9999949288771242 1000 1.605694599504659e-08
0.999995281524247 1000 1.494033963211905e-08
0.9999956096482543 1000 1.3901376938463272e-08
0.9999959149544712 1000 1.2934675552855879e-08
0.9999961990296439 1000 1.2035183516445613e-08
0.9999964633501791 1000 1.1198266314238481e-08
0.999996709289807 1000 1.0419531903949064e-08
0.9999969381267418 1000 9.694939073767728e-09
0.9999971510502949 1000 9.020773461543286e-09
0.9999973491670938 1000 8.393459260958025e-09
0.9999975335067898 1000 7.809759949850559e-09
0.9999977050274516 1000 7.266693025087534e-09
0.9999978646205148 1000 6.761339932381816e-09
0.9999980131154239 1000 6.291166698702e-09
0.9999981512839475 1000 5.85367310179663e-09
0.9999982798441861 1000 5.446604056658089e-09
0.9999983994642951 1000 5.067846586825908e-09
0.9999985107659815 1000 4.715428048029935e-09
0.9999986143277089 1000 4.387512575476649e-09
0.9999987106877105 1000 4.08240996563336e-09
0.9999988003468016 1000 3.798504621954635e-09
0.9999988837709621 1000 3.5343639126494963e-09
0.9999989613937709 1000 3.28858007492272e-09
0.9999990336186607 1000 3.05989722448885e-09
0.9999991008209995 1000 2.8471003332697364e-09
0.999999163350062 1000 2.649109376307024e-09
0.999999221530823 1000 2.4649029484180573e-09
0.9999992756656698 1000 2.2934889543080317e-09
0.9999993260359589 1000 2.1339863209846044e-09
0.9999993729034735 1000 1.985600128762144e-09
0.9999994165117997 1000 1.847510588959267e-09
0.9999994570875828 1000 1.7190453505122605e-09
0.9999994948417056 1000 1.5994974233990433e-09
0.9999995299703927 1000 1.4882672871863178e-09
0.9999995626562151 1000 1.3847705204739214e-09
0.9999995930690474 1000 1.2884724398531944e-09
0.9999996213669599 1000 1.1988774417659442e-09
0.9999996476970195 1000 1.1155014689734344e-09
0.9999996721960762 1000 1.0379253012615663e-09
0.9999996949914561 1000 9.657483701630554e-10
0.9999997162016366 1000 8.986065225258244e-10
0.9999997359368497 1000 8.361000780610084e-10
0.9999997542996668 1000 7.779670241347958e-10
0.9999997713855253 1000 7.238680765908612e-10
0.9999997872832225 1000 6.735216828701596e-10
0.9999998020753904 1000 6.26688034799372e-10
0.9999998158389007 1000 5.831077842799459e-10
0.9999998286452882 1000 5.425473403875003e-10
0.9999998405611158 1000 5.04826402902836e-10
0.9999998516483126 1000 4.697291444699658e-10
0.9999998619644975 1000 4.370575013012967e-10
0.9999998715632931 1000 4.0666314760073874e-10
0.99999988049458 1000 3.7838443489590645e-10
0.999999888804783 1000 3.5207303739070994e-10
0.9999998965370875 1000 3.275824056458987e-10
0.9999999037316863 1000 3.048086227863678e-10
0.9999999104259716 1000 2.836122448002243e-10
0.99999991665473 1000 2.638866902771042e-10
0.9999999224503384 1000 2.455333714124208e-10
0.9999999278429159 1000 2.28460805828945e-10
0.9999999328604925 1000 2.1257573479260827e-10
0.9999999375291427 1000 1.977946695319588e-10
0.999999941873134 1000 1.8404566759500085e-10
0.9999999459150412 1000 1.7123369389082654e-10
0.9999999496758736 1000 1.5933743213736307e-10
0.9999999531751728 1000 1.482476363889873e-10
0.9999999564311324 1000 1.3794565489888555e-10
0.9999999594606666 1000 1.283506634308651e-10
0.9999999622795311 1000 1.1942091759920004e-10
0.9999999649023671 1000 1.1111556119658417e-10
0.9999999673428086 1000 1.0339373801571128e-10
0.999999969613542 1000 9.620393370823876e-11
0.999999971726371 1000 8.951683838631652e-11
0.9999999736922682 1000 8.328271405844134e-11
0.9999999755214554 1000 7.749445529725563e-11
0.999999977223445 1000 7.211209407387287e-11
0.9999999788070749 1000 6.709743871624596e-11
0.9999999802805749 1000 6.24140739091672e-11
0.9999999816516129 1000 5.809397407574579e-11
0.9999999829273053 1000 5.404032776823442e-11
0.9999999841142847 1000 5.028066851764379e-11
0.9999999852187198 1000 4.68034500045178e-11
0.9999999862463538 1000 4.353228888476224e-11
0.9999999872025265 1000 4.050804136568331e-11
0.9999999880922061 1000 3.7696068488912715e-11
0.9999999889200148 1000 3.5066172188180644e-11
0.999999989690262 1000 3.26298987829432e-11
0.9999999904069417 1000 3.037392559690488e-11
0.9999999910737851 1000 2.8246738281723083e-11
0.9999999916942548 1000 2.6279423082087305e-11
0.9999999922715772 1000 2.445688096486265e-11
0.9999999928087515 1000 2.277200650269151e-11
0.9999999933085713 1000 2.1175949882490386e-11
0.9999999937736335 1000 1.9698020992109377e-11
0.9999999942063542 1000 1.8339996188387886e-11
0.9999999946089817 1000 1.7040591160366603e-11
0.9999999949836136 1000 1.587796560897914e-11
0.9999999953321901 1000 1.4773071654872183e-11
0.9999999956565286 1000 1.3749001936957939e-11
0.9999999959583135 1000 1.2773782032127201e-11
0.9999999962391117 1000 1.1895373575043777e-11
0.9999999965003821 1000 1.1070255823142361e-11
0.9999999967434836 1000 1.0309086917459354e-11
0.9999999969696796 1000 9.57278700752795e-12
