2697
2606
3217
3251
3863
4602
4930
5435
2764
2914
3742
4303
7351
2697
2239
3868
11565
7222
2938
7265
5136
4086
3632
2819
9225
9472
5414
2496
5985
2351
15988
5588
2318
5500
16485
4003
7566
3023
5242
3666
6668
5329
5268
4529
5402
7508
3181
2222
12042
6334
3726
3990
9329
4767
2371
3890
7595
6785
4347
5221
10490
11830
2649
3504
5838
3225
2620
28211
13497
4575
4225
5978
3993
16351
5474
25265
4136
6571
3101
3663
11325
3193
9012
10519
5213
5309
4031
2193
2374
5338
2969
8180
2795
5966
4958
8760
2575
9561
3820
4586
8319
3451
3742
1790
2987
2902
6471
4211
2323
30087
2151
10997
4782
11937
4606
3438
3022
4188
2029
8028
3276
5141
2690
3791
3249
4129
7169
4459
13796
10993
2675
6127
17680
3665
5802
3805
3269
7155
5146
2771
4656
4115
3691
5932
2231
3819
7367
4428
7156
5948
2660
4258
7068
3528
3428
5313
7030
8798
24508
10347
2267
21873
12096
8887
4253
3374
4285
12756
12389
18221
3266
2933
4548
10900
2914
2488
5336
4548
13119
4579
37379
9066
2220
3281
2293
8705
3375
5387
5856
23506
3492
7708
7893
5966
8651
3533
8614
2746
4821
10354
4120
45865
12323
3152
3354
3676
2916
2583
5545
2951
24877
6727
2977
2940
5230
3058
2417
4292
8501
9778
6678
4569
3645
2922
38522
4109
3713
2182
2272
2827
3734
5526
11698
3902
3617
3808
4523
2306
10960
43818
5055
9311
5970
2384
4399
3964
26006
5571
3585
4634
16717
4145
4295
5652
3588
4427
42512
15460
3326
3125
15534
5148
27546
3214
5180
3106
25783
2924
4364
2782
8613
2818
2352
3442
2203
4298
3700
2768
3145
48645
3789
4467
2729
4455
4477
9080
2626
6894
3184
4609
9852
37876
41002
13881
3199
4197
3761
5628
28434
2673
3076
3946
3586
9874
4900
2748
7032
2412
7157
2933
9024
4750
5482
18310
3512
6889
23338
5218
3523
6020
3239
8692
6575
13441
9389
3339
3956
6764
9603
3329
2736
10975
1820
4006
7700
2736
5869
11550
2810
43818
6405
46286
4008
3565
1748
5775
2831
5139
9155
3490
4030
3673
39221
4895
2969
14940
4236
6053
2406
2873
35321
2673
5837
14208
9478
6205
2791
7114
6384
5626
8893
4215
3643
4633
7349
3716
9581
2517
12694
4276
2652
16081
3194
38354
2968
3118
5314
26472
3571
3532
6161
2267
10240
4259
2315
2244
3227
5092
7610
5479
8282
2927
3104
13734
11696
3207
4267
2674
4199
4358
3964
9900
2643
4059
1743
3450
4412
5537
2681
3109
4232
2667
44262
3636
8783
2952
4769
11386
3801
13658
3824
7876
43487
12404
5164
13274
6760
3288
2772
3279
8627
4333
29850
4041
3273
6084
6321
4140
3768
8306
3290
17799
10176
12203
4612
5060
4148
3347
4026
3972
8435
26411
2277
2388
3472
5677
5380
33561
7039
4728
6229
5080
6158
5790
3721
5869
6893
10881
12043
4904
4778
3815
5027
6695
3616
3548
3464
5019
7204
2897
2917
4403
7727
2888
3095
3000
3425
5449
4607
9559
3707
9302
2576
3838
3457
2713
3182
5327
8766
6792
6461
3634
4683
2687
2033
9755
5152
7660
3139
3637
2974
6677
6339
2623
13273
4170
4603
3966
6550
3836
3089
7196
4786
4276
11669
3995
6462
6388
8350
4011
2913
1725
9048
4748
3827
3034
3329
3202
8221
3880
2256
2341
4456
4030
4614
6924
2973
2910
3839
3810
2257
2827
6963
5200
2337
9438
4127
3733
3400
4524
17641
32969
3866
14291
12211
2117
1933
4734
3245
24759
6261
3888
4310
3284
8421
6101
6978
2434
2585
2248
4099
3403
17632
3957
3924
2579
5563
41549
3787
3847
4514
2559
12471
8993
4231
3806
3623
8828
8366
3696
5940
6449
10398
5603
2362
3942
11435
30600
9999
2755
4531
2781
5789
8912
4233
12303
22781
4273
5758
5271
8381
46044
3720
3438
5669
2559
12448
28590
8645
4109
2575
5663
3545
4074
7951
11680
12566
9859
3185
43198
2975
4543
4826
3118
12584
2876
11685
12191
5610
2036
3142
5486
2982
2315
3673
17674
8678
5582
18637
7079
2585
4082
3350
3780
5057
3188
5241
10399
2783
2821
27776
3257
4332
3819
6369
4267
9354
3209
5820
4386
6267
4057
4269
3560
4666
46943
23688
3129
3268
2529
7324
4340
18420
20879
1973
3070
9443
5567
3320
2995
3704
5506
5544
7023
4126
4711
3655
18052
2806
10716
3764
2881
2232
10817
4157
3532
41411
3830
2977
14635
7160
14842
4336
5720
6386
7084
2760
4750
17210
12172
3134
8656
2826
32244
3630
2575
48026
3661
8625
2903
3101
11985
6090
2772
4051
3551
2438
2685
3256
3171
9345
5417
3769
3048
11269
16434
4804
3561
3926
10593
7335
4982
2359
4306
2605
37576
3905
3969
13259
2582
4380
2679
3552
5895
1963
22043
3238
3161
9132
3666
9644
7792
3681
2992
4664
22244
3887
5444
7377
6597
2183
3136
3390
3028
3749
3139
8975
4164
5508
13753
3456
3265
3666
3854
3089
3232
5953
3013
4282
5070
6448
6660
3898
4445
3206
3607
3008
39959
3340
8232
3776
6189
7426
2778
3809
6557
2787
2700
4552
3870
2572
4344
3186
3451
4512
2604
13184
11380
4640
17826
4586
5472
2596
5093
5347
3227
6110
47305
4902
2920
6478
3333
3956
14240
2895
10210
2205
8854
15073
22190
2988
2738
2372
41472
2039
5762
7019
9938
32625
3155
4721
2564
7695
4488
5103
3109
16008
3748
4408
3919
2753
3052
5643
2107
3497
3498
2613
10792
2966
12112
5670
3321
4536
2251
4934
3586
3046
9697
6647
25007
14154
5881
5368
11252
2885
16717
5034
3063
18107
15323
6864
3130
3789
5178
3684
11436
4945
3501
29345
22428
4039
2789
18140
4019
6517
14508
2571
3763
7405
7839
2398
7303
6143
4136
4487
6268
2439
2698
4023
6496
4040
35461
9625
3760
13829
10474
21910
2472
2231
2157
28363
2152
4308
6481
4047
5466
2389
3507
2481
4937
7021
4420
2844
12753
2592
2377
3718
2919
31610
4168
2852
12304
21596
3087
2583
5900
7981
24384
2923
5379
3330
10321
3143
4650
4234
11897
13609
46787
37783
18619
