950
967
1017
1016
1404
1493
1893
1010
1232
849
1610
1624
772
963
2972
1188
1373
1480
1935
5514
1176
1776
2923
963
4444
1046
4680
1166
901
1123
8247
6779
1751
5013
3062
3669
7716
840
2374
6237
6055
4187
1829
1060
4977
2781
15233
6707
1963
1317
3991
1278
2192
3618
3128
3442
1943
11141
1121
8367
1363
4838
2231
1261
1285
2346
1332
2432
1187
1164
1383
1324
2735
1614
710
1151
18675
1131
5621
2109
2879
1244
4706
819
1435
1717
2010
7269
3408
1899
5941
11728
2001
3438
1136
1077
875
803
8984
4300
1739
14209
2651
2218
10414
970
2168
7842
3360
1677
1509
6361
6151
1349
1070
1235
866
3070
3692
1304
1015
3447
1799
19711
2251
3379
29314
1898
4041
3689
1237
3600
2316
1309
6322
5045
2045
4340
2123
1783
1532
5117
1684
2049
6826
2269
1961
2837
862
874
4703
2144
2786
2211
1094
7034
1950
984
1431
1681
14879
1370
1351
2785
1523
1444
1537
5722
1861
3885
2705
5002
789
1047
3512
1699
3066
1110
4582
4464
1918
2737
2229
1169
6185
1176
4110
1601
8722
1936
2030
1917
2261
1681
2621
1866
1190
1179
1876
1237
4541
2700
4192
7344
3001
1404
8976
8578
811
1491
1921
1677
3506
2386
3499
1180
1370
3700
1758
2239
1187
4101
1374
3705
8016
1410
1064
3499
3273
1464
880
1642
1123
8068
1259
1057
1586
4225
3980
3091
1046
2642
1441
2101
3124
16810
847
3421
2490
1316
1581
1094
1952
3993
1318
2302
937
1314
1467
2084
1049
1643
2595
5420
4203
4783
4991
678
2272
2052
7617
3753
1532
8130
1603
1191
1564
1135
1864
1132
935
1626
2012
2763
1963
1448
893
1527
955
1646
1884
5839
1308
1626
2036
1131
1231
985
1978
1074
1220
2245
1060
984
2306
2058
8939
2867
8625
2506
2685
1743
1889
3098
1927
1427
1163
2334
1077
2512
1598
1732
1125
1573
3894
2560
7452
1660
2708
1983
1516
1238
1298
1306
1538
3162
4028
1545
1308
9008
2035
3810
1676
1734
1123
1373
2390
2268
2224
2938
16224
4466
1113
2405
2639
1042
21779
1430
10362
1100
3355
1570
1860
22111
2586
1375
3869
1685
2016
740
3302
1610
2822
4936
2160
1595
1075
14352
1152
1687
2199
1060
3067
5174
1569
1204
7624
1053
1070
2871
1243
1946
785
1145
3851
1215
2816
1296
24795
2300
4104
2828
2970
2074
1105
1441
1109
1315
3634
1155
7693
8831
5378
1330
1064
4861
1865
874
1257
1321
1481
1277
2037
29372
1341
2301
1609
1224
1484
1710
2502
5654
4923
2954
8689
2287
3745
2500
1907
3167
1649
2012
1162
1227
1672
5832
1796
2712
1465
1120
2105
1035
2161
793
1326
1952
1985
3723
4347
1360
1678
1903
21663
1666
13078
3175
928
10349
1232
29189
2452
2935
957
1462
2211
1349
997
4748
4018
1239
7359
1431
2101
1880
3563
915
2119
1560
1482
1222
1059
4492
1110
2039
1492
1410
4261
1451
2377
1206
5672
1767
2779
2850
1053
1262
4508
1093
1291
935
1636
3548
1812
3075
4443
1040
1214
9988
3769
1412
6087
1380
2948
2475
1420
1062
1638
1040
2992
2011
1763
1402
1569
2124
1472
2340
772
5034
1057
1591
1172
1246
21043
1209
3998
4059
1324
3609
2249
659
7250
5210
1561
1307
2117
1016
2210
1868
1276
1155
3740
4028
5218
945
1574
3400
1323
1779
7966
1760
2499
2539
1920
3102
1972
3223
2329
3313
1205
2949
1699
5801
3663
1013
7077
1523
716
1315
925
15921
27786
2689
1684
2840
1035
2983
671
7830
2067
3551
2508
1987
2000
2482
1322
1287
32930
3045
4235
929
2039
2426
914
1207
5071
2249
5577
3410
1415
2623
2981
1498
1020
9220
1166
38571
1715
1196
1528
967
1821
3600
1055
3306
1390
1723
1756
1967
5407
6268
916
1899
4626
1017
2000
1359
4035
3624
9745
2738
8359
3550
3936
1247
3123
4904
1653
6314
1053
1051
16620
961
4348
1173
1208
4541
2031
1590
4866
2515
1341
2373
2916
3136
1090
1685
2309
1233
1587
4214
1386
1478
9536
1630
1490
2418
1333
1758
15887
952
6720
1215
2380
1630
1419
1183
1535
1207
10266
1345
1361
1026
5419
1767
1743
1362
1282
3142
1246
2365
5682
1259
10711
2628
2880
2445
1520
3544
1956
1584
2742
1009
1705
1378
2336
1410
5385
1218
2141
998
3929
1560
1723
25465
906
2620
18936
11139
16611
4024
3547
2737
1923
1098
1029
2062
2441
1686
7698
1580
752
881
1911
3252
10124
6162
25502
1998
15911
1668
2488
1112
2102
1499
4349
5055
10508
839
5809
4012
1350
2641
1976
1705
1261
1452
1386
3412
3001
2537
1104
3141
1322
1709
998
1690
976
3829
5087
3061
1714
1305
2718
1202
2415
2010
3644
6384
3578
1649
1036
5061
1462
7087
2513
1727
1075
838
1308
3573
894
1976
3259
3305
5033
1097
1390
2237
1547
2604
1350
2570
4822
7528
909
1363
2335
2277
1852
1003
1244
1065
1670
1025
1891
1659
1382
1995
1761
8747
1412
1126
2039
1228
2812
952
1142
1862
1748
5138
7098
4416
1365
901
2951
8907
1899
1955
2807
1527
7111
5476
2282
1085
1388
2539
1596
4179
1712
1117
907
1702
6692
1558
2281
919
671
3574
1458
4441
2481
5706
967
13031
2265
2033
2343
11960
7264
1761
971
1759
3426
1651
1056
5640
4219
1163
3064
858
1259
4908
27569
3216
32133
4081
970
907
2654
1861
1376
2122
3025
955
2358
1256
3081
839
7968
1251
8127
6018
1602
2884
1038
3910
2295
1526
1743
3274
5754
1149
2024
2122
1757
1212
1520
6451
2083
5998
1533
1014
5669
1061
4946
2308
1877
1751
1880
3183
2504
1220
44291
1540
1184
1077
1313
6210
1373
3278
1635
1388
10313
2636
1137
936
8352
5393
1044
5671
5856
835
1562
1398
13261
2628
6368
1856
6315
1195
1152
1311
2394
3515
2036
1827
3308
3396
3055
3836
2495
8845
1529
2664
1523
5020
28732
12861
27708
25145
