0.9999293510637396
0.9998804707054559
0.9998644962695065
0.999937389319426
0.9999469082323772
0.9999367674808199
0.9998700054081073
0.9999240562556638
0.9999312988403585
0.999964000938031
0.9999524891228181
0.9999561612338508
0.9998718589282487
0.9999180285785354
0.9999460754082513
0.9999628880987015
0.999871201838567
0.9999320282471181
0.9999258550904874
0.9999503662186717
0.99994740241037
0.9999201166314443
0.9999410764191164
0.9999531622921721
0.9999416057664805
0.9999512386878441
0.9999474928463705
0.999934546486938
0.999935337814831
0.9998967739221879
0.9999475573407709
0.9999533366239157
0.9998912182449401
0.999884973836175
0.9999127696610514
0.9998769057066107
0.9999517951504966
0.9999569311226096
0.9999052513796584
0.9999603904598924
0.9999285301917465
0.9999411140840625
0.999933787814357
0.9999307009562688
0.9999314752681244
0.9999378742841166
0.999959540432253
0.9998675974702114
0.9999534770201542
0.9999265051300685
0.9999468797018959
0.9999295621438761
0.9999223314541157
0.9999368061975779
0.9999183460640045
0.9997431952113032
0.9999495152069339
0.9999524243593302
0.9999207716268206
0.9999272949200705
0.999925095600494
0.9999552636717721
0.999948243435805
0.9999471046998094
0.9999193883898129
0.9999309914597035
0.9999510358238096
0.9999506793941002
0.9999687821540822
0.999925418013232
0.9999489252118261
0.9999390695383453
0.9999392817252681
0.9999485380068696
0.9999554186354165
0.9999469878270383
0.9999484745107264
0.999947404656282
0.9999422486974979
0.999928833064391
0.9999305585230885
0.9999618339101006
0.9999363043996092
0.9998917709894563
0.9999399739226448
0.999955165301433
0.9999696222761332
0.9999554065219782
0.9999238813031565
0.9999586439762186
0.9999325425059334
0.9999546132838742
0.9999158712836377
0.9999469588345057
0.9999142856196791
0.9999583755508397
0.9999190163134708
0.9998620384308244
0.9999258311039066
0.9999208857045463
