0.9985115630549798
0.9986068510380222
0.9981536974079815
0.9992312378870958
0.9986328184793453
0.9995160709686297
0.9989926452422666
0.9985600909449153
0.9991249129505608
0.9995320603363904
0.9990177808705354
0.9988355308946991
0.9990546931360664
0.9991963433190395
0.9995705688550293
0.9991325280022546
0.9996128615512611
0.9987378464394887
0.9988782541221252
0.9993031430391359
0.9984659835784775
0.9993279822409208
0.9993171611216319
0.9987870628402145
0.998580071748286
0.9989884411125434
0.9986933415013611
0.9987575870212821
0.9987809748211588
0.9987952474566177
0.9988568846738854
0.9990570629791997
0.99871981773747
0.9989179648686796
0.9993808205828196
0.9991566942283265
0.9992463339881154
0.9991161526345271
0.998810808759388
0.9989880726605965
0.9989135936903517
0.9991205797324777
0.9992318188727626
0.9995047194207737
0.9993433979496282
0.9983481182863647
0.9992667127411149
0.9994311149987488
0.9989861817850071
0.9991007905758994
0.9994271102817435
0.9991067727421
0.9983875550335004
0.9990888095305086
0.9985132176708642
0.9980683391969287
0.9992823845215184
0.9991162961565389
0.9993430502187529
0.9992407196957257
0.9992374744345781
0.9996260291961048
0.9989464038411757
0.9993505129219277
0.9989432949902374
0.9981520126100413
0.9990628248242496
0.9984429297573443
0.9987766941159612
0.9983509963925451
0.999218680517228
0.9991351757765508
0.9994213138040243
0.99945080423832
0.9993684547348856
0.9992083136768329
0.9986900761502466
0.9985633458710366
0.9994816318445802
0.9993678677989503
0.998595971795694
0.9991405929037391
0.9990514297138755
0.9993704254150826
0.999159144599274
0.9987961418175065
0.999807479573548
0.999401403062587
0.9993170890140766
0.9990408800826162
0.9994197756162235
0.9986865585126082
0.9993657005077106
0.9996244132124102
0.9994349176476881
0.9993334754658325
0.9992189486195214
0.9993658705606336
0.998622228754732
0.9989560825401732
