5129
5054
5087
5798
5417
6026
5776
4855
5477
6029
5621
5502
5570
5811
6119
5526
6152
5195
5200
5842
5160
5798
5920
5418
5308
5745
5798
5990
5707
5401
5130
5491
5068
5491
5889
5592
5603
5567
5155
5740
5858
5473
5770
6093
5934
5945
5598
5832
5351
5479
5919
5535
5056
5506
5731
5542
5882
5510
5840
5728
5835
5990
5515
5848
5295
5561
5389
5215
5268
5070
5732
5895
5978
5610
5827
5785
5252
5163
6100
5888
5603
5839
5617
5992
5508
5434
6499
5777
5765
5565
5777
5940
5909
6338
5832
5836
5727
5680
5061
5648
