5522
6053
6306
6307
6651
6614
7239
7656
7812
5313
4802
5828
6297
5158
6784
7531
7540
6976
5358
6938
7032
6142
7186
5796
7413
5662
7671
7067
7435
6419
7314
6631
7835
6173
7799
7371
6084
6827
4995
6735
7473
6636
6567
7233
4998
7608
4892
6009
6538
5382
4773
7283
6673
7167
7201
6875
5590
7410
7611
7454
7493
6733
7833
5100
7739
7184
5201
6945
7644
6108
7814
4862
7836
5192
6584
6362
5527
5587
7328
7390
5563
6557
7168
7266
5636
5887
5657
7216
7587
6495
5714
7397
6906
4948
7491
6672
7523
7833
7716
7652
