9554
9773
10758
9379
10006
9981
9783
8907
10779
9397
10082
10266
9509
9688
9916
9643
10424
9374
9507
9842
10522
9494
9911
10954
9983
9475
9777
9986
9257
10841
9500
9407
9941
9767
9929
10131
9268
8925
9909
10139
9608
9503
9792
9912
10046
10369
9191
10107
9574
9470
9755
9796
9267
10041
9747
9187
9861
9867
9811
10103
9014
10000
10313
9370
10130
10154
9861
9550
10057
9173
9782
9877
9541
10250
10021
10240
10145
9715
10391
9963
11610
10183
9537
10081
9216
9911
9222
9936
10131
10022
9614
9592
8989
10247
9005
10127
9693
9673
9761
9733
