0.9973452442392526
0.9972327028477214
0.9971659167355619
0.9965803676832157
0.996639776875401
0.9964485104689206
0.9960725195538598
0.9965781456396899
0.9969267373572384
0.9968876350839965
0.9966216232048122
0.9972070278815568
0.9956608033488001
0.9972405678827156
0.9972521099679968
0.996856722799617
0.9973083413965371
0.9966277570985506
0.9962592661171485
0.9957413076503456
0.996617019530949
0.9970563599248674
0.9959457121107976
0.9961627080411352
0.9969578242813024
0.9958422786223614
0.9965752927750399
0.9957650016569952
0.9967614000130905
0.9970656998956697
0.9965152840029157
0.9971306433626124
0.996630765099752
0.9976475061131569
0.9973664180772073
0.9963410287018399
nan
0.9962529677993123
0.9970468050070784
0.9963907733540827
0.9952390808956479
0.9969955885181421
0.9961232399726772
0.9974593970535502
nan
0.996275465284023
0.9962974360280701
0.9971084967532057
0.9959445437394043
0.9965287332310512
0.9973320397516736
0.9966603691134579
0.9966232972322211
0.9962988149484784
0.9976516475088381
0.9974419053648172
0.9968483334384479
0.9980261793689501
0.9972964315917137
0.9965321837427479
0.9949343155245902
0.9960876959995945
0.9960062238068332
0.9963536378565223
0.9972063148871566
0.997818750166096
0.9969747817878493
0.9972041244681356
0.9963920958963475
0.9961224133815519
0.9964228308442665
0.9957596221126619
0.9969226314321469
0.9970824378712257
0.9973777196459549
0.9959560700797307
0.9974139444572764
0.9973480705817114
0.9961266107618489
0.9959037719624562
0.9960636808179897
0.9965184074269593
0.9969779945975973
0.9966518211433909
0.9964223432585371
0.9965972249853927
0.9973188451082527
0.9971444241076757
0.9972699419917792
0.9962185229802273
0.9971593376383905
0.9966619730048941
0.9965374176700864
0.996478841851974
0.9970422711599841
0.995997390590199
0.9968923897293481
0.9967596968394682
0.9966465323410734
0.99698170006699
