5141
5105
5059
5429
5808
6016
4848
5769
5457
6034
5629
5497
5524
5225
5817
5505
6121
6155
5213
5114
5836
5791
5409
5922
5319
5773
5761
5404
5680
5990
5111
5487
5068
5462
5604
5892
5596
5152
5542
5754
5488
5848
5767
5926
6082
5601
6000
5836
5322
5461
5917
5120
5523
5506
5746
5572
5498
5891
5816
5754
5849
5988
5492
5289
5840
5573
5384
5248
5248
5073
5730
5865
5975
5607
5799
5775
5229
5171
6100
5917
5585
5616
5833
5975
5476
5474
5781
5753
5538
6496
5782
5911
5929
5835
6330
5850
5725
5678
5124
5626
