13285
7799
47736
6301
13230
7652
6055
12792
7232
5307
5832
6293
6782
7527
7525
4803
6974
11065
6934
5352
7034
52566
7407
6136
7673
5793
5659
7054
7434
14248
6417
7834
7791
50940
7373
6168
6083
13525
7469
51186
7232
6635
4993
6562
7600
10809
4884
6534
6000
7284
11418
6662
7164
45036
7198
6867
7402
47962
7606
7434
7492
15415
6733
54678
7180
5095
7641
6944
15569
7836
5188
6104
6573
4860
5189
14268
7390
50128
5528
5583
6559
7157
14178
5553
7218
7587
5887
5628
5656
7394
13075
5709
6906
7494
7836
7519
6596
10720
7707
7642
