6301
7652
7799
6055
13230
13285
7232
5307
5832
6293
12792
6782
4803
7527
7525
6974
5352
6934
11065
7034
7407
6136
5793
7673
5659
7054
7434
47736
6417
7834
7791
14248
7373
6168
6083
7469
7232
13525
6635
4993
6562
7600
4884
52566
10809
6000
6534
7284
6662
7164
11418
50940
7198
6867
7402
7606
7434
7492
51186
6733
7180
5095
15415
7641
6944
5188
45036
7836
6104
15569
4860
6573
5189
7390
47962
5528
5583
14268
6559
7157
5553
7218
7587
5887
54678
14178
5628
5656
7394
5709
6906
7494
13075
7519
7836
6596
7707
7642
10720
50128
