0.9988968050564723
0.999612957615477
0.9997192661421206
0.9987334934887314
0.9987248343500625
0.9987044042519142
0.9993623092488817
0.9981289818219353
0.9985552827491176
0.9988890750306857
0.9985241815256033
0.9991722430699681
0.9976033228305716
0.9995407831637163
0.9995438302308282
0.9992636237891641
0.9981795379029219
0.9992507261515987
0.9976461468353464
0.9992957811248356
0.998797088449834
0.9994770774881911
0.998548120899593
0.9996158253599892
0.9984400899500324
0.9993149880535899
0.9998807271071148
0.9967652230048828
0.9989714141222704
0.9997630613254426
0.9997089083821749
0.9990735897782775
0.9994715185066666
0.9988085500186753
0.9987563041413385
0.9995159932013687
0.9993915861385397
0.9988167272582875
0.9990840165245174
0.997822421163293
0.9990526154228473
0.9995875379765384
0.9977958290752443
0.997718235974028
0.9974990092803917
0.9990392627172312
0.9986999534232088
0.9994192305201466
0.9991041317236717
0.9993620024579379
0.9978664508960313
0.9974890032238776
0.9993777933129605
0.9992246811807917
0.9994828225240253
0.9995839665528576
0.9994970424346479
0.9995276211882747
0.9975439616418681
0.9991437119880107
0.9993741240271306
0.9979306860651643
0.999487978357266
0.9996003474186153
0.9992452814588898
0.9980372875197908
0.996100001623573
0.9997678716169449
0.9987655086034608
0.999577148321975
0.9990626772853362
0.9976875137184913
0.9980214861405567
0.9968215876785388
0.9994612632845464
0.9983295696578695
0.9983744944182951
0.9990903694121346
0.9990370292155454
0.9993675598500881
0.9983638396434796
0.9993902167675572
0.9995628342874343
0.9986202930578442
0.9981870929244304
0.9984240947099952
0.9990521666188207
0.9984440167793398
0.9994742329111101
0.9984840878226384
0.9992360499454961
0.9995251060031464
0.9986291514383995
0.9997472025494505
0.9995392405373592
0.9991039550341231
0.9996466606453537
0.9996073533349995
0.9974443728800066
0.9973199437328168

