0.9943386313553095
0.9921316375393305
0.9877521055516411
0.9920788138068202
0.9842911164099698
0.9959327928513964
0.9892539431597559
0.995537048800303
0.9903351887135158
0.9922488673672542
0.991937466313255
0.9978383342057653
0.991310137440137
0.9879865370399366
0.9882866872315617
0.9854427641523139
0.9848956766766417
0.9873434209644824
0.9909934951714282
0.9984615220833157
0.986713824866826
0.9838626870867205
0.9936266001371618
0.9988106688241236
0.9939289596915161
0.9888321099963865
0.990321341609783
0.9934310614639854
0.9945663327868284
0.9875927896580706
0.9930092253784952
0.9891258123056924
0.9928941476370765
0.9983787425463434
0.9990616187691178
0.9909054315105886
0.9934494137449587
0.9937739143753538
0.9888747647061773
0.9938546257463889
0.9986295020871154
0.9986452684410365
0.9847323291872827
0.9924649714235942
0.994119997096471
0.9949303428980396
0.9924481275872377
0.9959259579278839
0.9966692464291388
0.9906890920713356
0.9883364466818235
0.9923691146011929
0.9945125744522437
0.9999231237864802
0.9920822499552684
0.9997172682453508
0.9969460686272824
0.9985201036359705
0.9890602446782918
0.9928694693691357
0.9971680257804428
0.9882377131847576
0.9886074903879462
0.987049981674925
0.9850787088492687
0.9919579179413069
0.9964917987200516
0.9899790141737373
0.9844460233380805
0.9887865955272942
0.990154134529674
0.9961590896798175
0.9998248320811843
0.9934451394331304
0.9907903973572824
0.9917118480572689
0.9998985917207471
0.9987204779696742
0.9741546338303545
0.9883540467985628
0.9924770482776607
0.9910453089592071
0.9890760064001065
0.9940745505940338
0.9986129018682313
0.9965439189431449
0.9957785486221756
0.9911752472726119
0.9893536071298507
0.9915646835756176
0.9891196452989028
0.9871953709394181
0.9805839622237833
0.9910760445905308
0.9898544562713057
0.9875502937637507
0.9913210266181486
0.9896452034571759
0.9986066528090335
0.9906124435592802
