3362
4264
4789
4365
3338
3152
5410
4418
3571
5787
2187
3291
3361
3693
5618
4282
5639
4585
4654
4260
5533
3227
4309
3456
4618
3224
3793
4266
5415
4304
4516
3358
4027
2958
3577
3432
3463
4434
3874
3032
3680
3280
5567
5550
4342
5439
2889
4976
5299
2828
2650
3825
4185
4383
3323
5813
2257
3515
4053
2972
4499
2901
2709
3710
5077
2980
5279
3610
2175
5678
2464
4788
5338
4267
4657
3210
3348
3630
2090
4759
5033
3935
3205
4842
3227
2749
5496
4238
5904
5642
3537
4666
3479
3449
4162
3347
4989
4841
4256
2812
