5087
5054
5129
5417
5798
6026
4855
5477
5776
6029
5621
5502
5570
5811
5195
6119
5526
6152
5200
5160
5842
5798
5920
5418
5308
5745
5798
5401
5707
5990
5130
5068
5491
5491
5592
5889
5603
5567
5155
5740
5473
5858
5770
6093
5934
5598
5945
5832
5351
5479
5919
5056
5535
5506
5731
5542
5510
5882
5840
5728
5835
5990
5515
5295
5848
5561
5389
5215
5268
5070
5732
5895
5978
5610
5827
5785
5252
5163
6100
5603
5888
5839
5617
5992
5508
5434
5777
6499
5765
5565
5777
5940
5909
5832
6338
5836
5727
5680
5061
5648
