3152
3362
3338
4264
4365
4789
2187
3571
4418
3291
5410
3361
5787
3693
4282
5618
5639
4585
4654
4260
3227
5533
3456
3224
4309
4618
3793
4266
3358
4304
4516
5415
4027
2958
3577
3432
3463
4434
3032
3874
3280
3680
5567
4342
2889
5550
5439
4976
2650
2828
5299
3825
4185
3323
4383
2257
3515
5813
2972
4053
2901
2709
4499
3710
2980
2175
5077
3610
2464
5279
5678
4788
3210
4267
5338
4657
2090
3348
3630
3935
4759
3205
5033
3227
2749
4842
4238
5496
3537
5904
5642
4666
3479
3449
3347
4162
2812
4841
4989
4256
