0.9999991808601977
0.9999994430777956
0.9999994298999662
0.9999992679381741
0.999999379076419
0.9999993680659939
0.9999984299947225
0.9999995720470931
0.9999990413651335
0.9999991097401991
0.9999994104945625
0.9999994696378453
0.9999993335994566
0.9999992117849165
0.999999580938915
0.9999995454168479
0.9999994444859645
0.9999985867353007
0.999999226364928
0.9999995925417156
0.999998939097525
0.9999994309905856
0.9999994313973044
0.9999991731281459
0.9999996125371502
0.9999990671394672
0.999999309153789
0.9999994270223086
0.9999986705484403
0.999999385775532
0.9999994658797018
0.9999994890293209
0.9999981728904289
0.9999995947549558
0.9999994667774832
0.9999994285944068
0.999999431212201
0.9999994014125785
0.9999995136734013
0.9999993005895473
0.9999996612978566
0.9999990130299816
0.9999994136053427
0.9999982824341805
0.9999994588725739
0.9999995712130463
0.9999995108460168
0.9999994260885388
0.9999991871705469
0.9999994950525875
0.9999989826856612
0.9999994149310928
0.9999987626938599
0.9999996490200914
0.9999992108057696
0.9999993876460243
0.9999985471339891
0.9999991763065861
0.9999986841072873
0.9999992806793917
0.9999990755759955
0.9999993457066365
0.9999995108142449
0.9999994612885214
0.9999994781792537
0.9999993080999507
0.9999993636101303
0.999999123246674
0.9999991679809493
0.9999992210484898
0.9999995653774808
0.999999374943767
0.99999949278928
0.9999990716235848
0.9999990255709703
0.9999984005921643
0.999999339634565
0.9999993157991829
0.999999263103034
0.999999417693652
0.9999987160388322
0.9999997014876104
0.9999992313247507
0.9999993833613812
0.9999995666542701
0.9999991252944634
0.9999989920790675
0.9999989578885818
0.9999995886500465
0.9999995974977777
0.9999994459682243
0.9999993090041793
0.9999996099327927
0.9999994489298061
0.9999990601789802
0.9999996185828106
0.9999994769118115
0.9999990645578491
0.9999992835392226
0.9999992665729912
