0.9973462150007253
0.9971621839643467
0.9972330489688498
0.9966406882697678
0.9965802713006956
0.9964504523142257
0.9960717251800368
0.9969269861754644
0.9965806789425101
0.9968864914796716
0.996619407490793
0.9972077339706339
0.9956624418467016
0.9972424516749105
0.9972490353135406
0.9968565525350234
0.997307999882302
0.996628726782159
0.9966165132241673
0.996261587912089
0.9957360604070261
0.997056023102511
0.9959462993945818
0.9961656368453969
0.9969575516246936
0.9958443854915889
0.9965776095368196
0.9967619728985015
0.9957651362365767
0.9970662946252881
0.9965185487506096
0.9971299882294189
0.9966323465213704
0.9976482817383492
0.9973664239590719
0.9963378949213174
0.9966864937048111
0.9962545042347252
0.997047182384112
0.9952400297873735
0.9963951063469013
0.9969952137663571
0.996125039795085
0.9974576769503706
0.9958311759849744
0.9962759054015333
0.996297332507597
0.9971088327551528
0.9959448589088573
0.9965251077378833
0.9973324788983571
0.9966612174638697
0.9966240259351313
0.9963001785980878
0.9976497542520267
0.9968506956549041
0.9974430663618229
0.9980260394588507
0.997293389495358
0.9965371383967568
0.9949376471737966
0.9960892943336196
0.9960057188878796
0.9963551997443975
0.9972097200505389
0.9978168973042637
0.9969757784836591
0.9972041360143052
0.9963903983299854
0.9961220945088012
0.9964237721504798
0.9957609762446843
0.996922724933323
0.9970802018910543
0.9973791245482592
0.9959572195096691
0.9974154081345481
0.9973496517291356
0.9961279988297258
0.9959062705855365
0.9965199011135676
0.9960636075298432
0.9969801601020162
0.9966515926837033
0.9964258269402135
0.9965984835130911
0.9973199582272979
0.9971437890955979
0.9972705206323764
0.9962204269557667
0.9971614126877942
0.9966627876392612
0.9965355014929683
0.996480894938266
0.9970435803948074
0.9959956434366576
0.9968850935312763
0.9967604188158458
0.9966478838563994
0.996985958980547
