9379
9773
9554
10006
9981
10758
8907
9397
9783
10082
10779
10266
9509
9688
9916
9643
9374
10424
9507
9842
10522
9494
9911
10954
9475
9983
9777
9257
9986
10841
9500
9407
9941
9767
9929
10131
9268
8925
9909
9608
10139
9503
9792
9912
10046
9191
10369
10107
9574
9755
9470
9267
9796
10041
9747
9861
9187
9867
9811
10103
9014
10313
10000
9370
10154
10130
9861
9550
10057
9173
9782
9877
9541
10250
10021
10240
10145
9715
10391
9963
10183
11610
9537
10081
9216
9911
9222
9936
10131
10022
9614
8989
9592
9005
10247
10127
9693
9673
9761
9733
