9579
9887
10754
9418
10025
10014
9815
8957
10876
9420
10134
10303
9541
9790
10136
10417
9851
9405
9890
9531
10670
9504
9949
10955
9505
9987
9785
9989
9378
10861
9553
9468
9965
9808
9999
10256
9397
9026
9918
10156
9585
9695
9847
9966
10048
10384
9214
10137
9590
9876
9507
9836
9325
10046
9802
9231
9850
9912
9858
10173
9040
10368
10181
9380
10203
10228
9909
9588
10344
9245
9797
9869
9557
10264
10124
10307
10164
9747
10409
9971
11607
10215
9547
10144
9283
9939
9244
9963
10124
10090
9668
9014
9613
10323
9016
10211
9818
9686
9775
9822
