5141
5059
5105
5808
5429
6016
5769
4848
5457
6034
5629
5497
5524
5817
6121
5505
6155
5225
5213
5836
5114
5791
5922
5409
5319
5773
5761
5990
5680
5404
5111
5487
5068
5462
5892
5604
5596
5542
5152
5754
5848
5488
5767
6082
5926
6000
5601
5836
5322
5461
5917
5523
5120
5506
5746
5572
5891
5498
5816
5754
5849
5988
5492
5840
5289
5573
5384
5248
5248
5073
5730
5865
5975
5607
5799
5775
5229
5171
6100
5917
5585
5833
5616
5975
5476
5474
6496
5781
5753
5538
5782
5911
5929
6330
5835
5850
5725
5678
5124
5626
