0.9985183321570171
0.9986078508366181
0.9981557778659133
0.9992329077573568
0.9986347963742995
0.9995138478594211
0.9989919311705061
0.998562463744842
0.9991195817461257
0.9995340151876002
0.9990195108820975
0.9988355443820724
0.9990457288648387
0.9991991861722039
0.9995713094536773
0.9991276935230106
0.9996198476835059
0.9987448362349781
0.9988823012513126
0.9993031914154707
0.9984612656211808
0.9993282244765267
0.999318808233104
0.9987864059057466
0.9985854588563342
0.9989956077179082
0.9986898128363374
0.9987590998142565
0.9987791570248318
0.998795913911218
0.9988543787810947
0.9990580329305665
0.9987204303475784
0.9989118015276348
0.9993834920857882
0.9991596486834394
0.9992461150316407
0.9991105723267323
0.9988103417418636
0.9989903019068515
0.9989122370841405
0.9991248839523945
0.9992311915413349
0.9995013889019093
0.9993419621539025
0.998352321156579
0.9992681542624641
0.9994323031230024
0.9989803960134941
0.9990978736223404
0.9994271569999573
0.9991040548998474
0.9983972201529375
0.999088871625503
0.9985135023261963
0.9980720467128573
0.9992855599314661
0.9991144015958144
0.9993378265048496
0.9992474357159892
0.9992425009465574
0.999624499588698
0.9989431094231856
0.9993495684474583
0.9989435476546703
0.9981536570722616
0.9990619162616008
0.9984496927258159
0.998774838624244
0.9983502260463667
0.9992197739456324
0.9991296358369821
0.9994206641533965
0.9994476604586805
0.9993620609383163
0.9992062817044471
0.9986871580468147
0.9985661256314908
0.9994841142057004
0.9993773162206891
0.9985940233281326
0.9991388232523587
0.99905239534758
0.9993675615680384
0.9991532573115277
0.998804929898632
0.9998089680405526
0.9994052068583922
0.999315989775598
0.9990356149829752
0.9994202077665595
0.9986831517008332
0.9993712875564209
0.9996223471901444
0.9994383685234545
0.9993378390589052
0.9992190860176335
0.9993647387244177
0.9986363433983299
0.9989520893217123
