0.995931898577735
0.9842910698494972
0.9943386601334413
0.9921294611610356
0.9920788330925497
0.9877520303158187
0.9919370702725523
0.9903352563447595
0.9955366456023655
0.9978358882350269
0.9892539246809658
0.991310171768064
0.9922488920952681
0.9879866030141965
0.9854427643151535
0.9882866730067474
0.9848960464031784
0.987343542530476
0.99099349281361
0.9984569257948571
0.9838626971199992
0.9988103917081207
0.9867138430769128
0.9888327032409916
0.9936265770487083
0.9939290058692115
0.9903213573253805
0.9934310899340582
0.9875927950852552
0.9891264565108772
0.9930091557731575
0.9945663249938067
0.9928940932319347
0.9983809219256766
0.9909052678013599
0.9990612050954499
0.9934493828181117
0.9937739040505749
0.9938550185550793
0.9888747620121957
0.9986423839646599
0.9986340924952055
0.9847323094679976
0.9941199796811705
0.9924482148205925
0.9924649521876291
0.994930315065491
0.9959260631590384
0.9883364507862277
0.9906933073185628
0.9923691268066284
0.9966691608693742
0.9945124561874721
0.9920825751035309
0.9999231160182368
0.9969402171116185
0.9985188740679347
0.9997168516578631
0.9928694961823804
0.9890602707415155
0.9882381199685426
0.9886075170606599
0.9971682712956037
0.9870499668970456
0.9919579065337679
0.9844446094506897
0.9850786806302171
0.9899797197809393
0.9901541055597115
0.9964919513701335
0.9887866001492948
0.9961592456653781
0.9917118168536517
0.9934450693546762
0.9998246750483326
0.9907904182695656
0.9741542911581004
0.9998986122909234
0.9987169534849535
0.9883533648982641
0.9890757605628302
0.9910453132999748
0.9924770618390238
0.998611089211988
0.9940745274444115
0.9965446327851367
0.9911751775080941
0.9957785781822008
0.9891183144350559
0.989353628232942
0.9915647040366422
0.9871952812528276
0.9805840481040272
0.9910760689422954
0.9898535174274053
0.9875502546433083
0.9913210352314
0.9906124783313062
0.9896452176309051
0.9986057600178756
