3139
3341
3368
4224
4357
4754
2170
3551
4366
3284
5403
3357
5850
3701
4297
5628
5639
4537
4670
4237
3211
3440
5571
3249
4281
4635
3779
4295
4324
3365
4534
5363
4026
2949
3411
3608
3504
4400
3006
3881
3282
3705
5558
4314
2889
5551
5452
4970
2682
2827
3823
5277
4162
3300
4381
2258
3531
5817
2998
4054
2910
2730
4505
3700
2969
2182
5133
3572
2440
5309
5666
4783
3197
4266
5338
4676
2111
3349
3632
4753
3202
3930
5013
3236
4820
2756
4240
5481
3565
5925
5653
4657
3498
3513
4142
3426
5012
2816
4853
4254
