0.9985183321571458
0.9986078508368107
0.9981557778658203
0.9992328996118739
0.9986347963743009
0.9995138478586026
0.9989919311705081
0.9985624556023656
0.9991195893533056
0.9995339997990221
0.9990195108820953
0.9988356128158322
0.9990457150049339
0.9991991777747306
0.99957132301011
0.999127693523015
0.9996198650962346
0.9987448379578273
0.9988822790013467
0.9993031995610824
0.9984613453227706
0.9993282388651069
0.9993188082331076
0.9987864157053153
0.9985854602701805
0.9989956156823534
0.9986898218622131
0.9987591167872617
0.9987791370503734
0.9987959139108452
0.9988544872687383
0.9990580260544791
0.9987204303475777
0.9989116363623057
0.9993836013380671
0.9991596486833256
0.9992460237398126
0.9991105801890209
0.9988103417418641
0.998990301906851
0.9989122409387459
0.999124897266555
0.999231191541332
0.9995013889017259
0.9993419412773311
0.9983523274424326
0.9992681542633439
0.9994323227275906
0.9989803893371789
0.99909786698535
0.9994271377773993
0.9991040729214377
0.9983972404919819
0.999088869902352
0.9985135533439266
0.9980720533864234
0.9992855599314696
0.999114503197456
0.9993378121166043
0.9992474357158739
0.9992425009465058
0.9996244292738767
0.9989431132778496
0.9993495684474569
0.9989435476546118
0.9981536480653754
0.9990619162616028
0.9984496927254426
0.9987748519360672
0.9983502127373682
0.9992197739456893
0.9991296558149424
0.999420567449982
0.9994476604586814
0.9993620643977703
0.9992062726928208
0.9986871377048191
0.9985661456038198
0.9994841307413896
0.9993774833012111
0.9985940233284566
0.9991388241185918
0.9990523853419397
0.9993674758844842
0.9991532599832669
0.9988049521477336
0.9998089547218326
0.999405224691043
0.9993160110049157
0.9990357122548544
0.999420211826963
0.9986831511306439
0.9993712803808811
0.9996223471901449
0.9994383515445694
0.9993378390589045
0.9992190993321769
0.9993647352788019
0.9986363524073875
0.9989521607662802
