5141
5059
5105
5808
5429
6016
5769
4848
5457
6034
5629
5498
5524
5817
6121
5505
6155
5225
5213
5836
5115
5791
5922
5409
5319
5773
5761
5990
5680
5404
5112
5487
5068
5460
5893
5604
5595
5542
5152
5754
5848
5488
5767
6082
5926
6000
5601
5836
5322
5461
5917
5523
5120
5506
5747
5572
5891
5499
5816
5754
5849
5987
5492
5840
5289
5573
5384
5248
5248
5073
5730
5865
5974
5607
5799
5775
5229
5171
6100
5919
5585
5833
5616
5974
5476
5474
6496
5781
5753
5539
5782
5911
5929
6330
5835
5850
5725
5678
5124
5627
