0.10007845829152986
0.03926219359980613
0.06098711461630084
0.06474878522277476
0.11482715198620883
0.0698215852440684
0.07327722838362305
0.03343672271060127
0.054806505966279735
0.07705636104020025
0.05070300531534831
0.0639080445335387
0.042235394948950226
0.03864511405677836
0.06855213593646518
0.07289535285183803
0.06658657001709482
0.048714774369190396
0.052858775420156615
0.07797954318881091
0.05708289781991523
0.12071851927844877
0.05429306131725458
0.06607147519261473
0.12153537210877263
0.08041621339807661
0.06581315488949857
0.05884187177557847
0.0911829033112629
0.07085908261113001
0.06436194944627917
0.09728418264777439
0.027997555420534306
0.036895899645412365
0.10183276178743346
0.040154821741273564
0.053276883540233494
0.03238268596372887
0.05441272856602287
0.06444004766334933
0.06633125535363037
0.1564520338018642
0.0728182597440759
0.05476690484357374
0.07751089209898726
0.06219103107778778
0.10875135649695274
0.06938680372045194
0.06984217773421457
0.02539184688531613
0.08631359719851196
0.07626070085157408
0.0770328017302012
0.07495159299951824
0.07659569424757305
0.14525224693164468
0.08709147623608142
0.03748288713301224
0.07792089275264438
0.09556792429861011
0.05058310006396923
0.0665806149323122
0.07092737575829834
0.03574472890956248
0.029395888845242055
0.04766056500354589
0.019536042372835957
0.08523725355895446
0.07292358453951109
0.09799887366653603
0.04319161724378235
0.10493433654956111
0.053005789950596564
0.04363100064466072
0.14369756239423562
0.07921248922097408
0.08256993358781484
0.10259380730072602
0.04400298356834905
0.11205913307626997
0.0968715582261551
0.06435933451303896
0.06033539230598795
0.09007817231632723
0.058125400825395884
0.060650482339780966
0.023473911149224435
0.07710985359178908
0.04692342017535126
0.07205669987912272
0.07499853096164684
0.11221428153838936
0.05868154776669173
0.10549186442808232
0.12022064874062975
0.10941729035511953
0.0599820746335828
0.0599601125966885
0.04214192433606743
0.10682311154610062
