6651
7812
5522
6306
6614
7656
6053
6307
7239
5313
5828
6297
6784
7531
7540
4802
6976
5158
6938
5358
7032
7186
7413
6142
7671
5796
5662
7067
7435
7314
6419
7835
7799
6631
7371
6173
6084
6827
7473
6735
7233
6636
4995
6567
7608
4998
4892
6538
6009
7283
5382
6673
7167
4773
7201
6875
7410
5590
7611
7454
7493
7833
6733
7739
7184
5100
7644
6945
7814
7836
5201
6108
6584
4862
5192
7328
7390
6362
5527
5587
6557
7168
7266
5563
7216
7587
5887
5636
5657
7397
6495
5714
6906
7491
7833
7523
6672
4948
7716
7652
