2010
3568
3801
4001
4540
5827
5239
3316
4516
5142
5907
4670
3107
3854
2461
3402
5744
3538
3673
2885
5038
3268
2414
5361
2670
4849
2923
4565
3097
3071
3435
5210
4086
4552
3841
5461
3518
4869
3441
3064
2783
2228
5424
4394
4910
2533
3855
2840
3582
4830
2184
3794
3983
3559
4863
4878
2887
3211
3060
5480
3916
2550
3055
3829
3344
4355
4130
5643
2251
4131
4003
5245
2500
4988
3940
4526
5776
4978
4759
3703
5297
4975
3975
4280
4062
3718
4241
3335
3626
5278
3444
5146
2664
3411
5049
2717
4330
5445
3533
5288
