0.995877046639223
0.9984434802799731
0.9948381020049989
0.9949040753084281
0.9941230735138312
0.9874084850505029
0.9966002011921269
0.9981084729504363
0.9930556370640924
0.9971558475647829
0.9918424982700127
0.9968518784055633
0.9906382097975278
0.9992031680297082
0.9949049877928128
0.9914203127682734
0.9925494663029805
0.9908021596652502
0.9858474060045337
0.9931573104554356
0.9952209828218176
0.998100102057721
0.9903194246127093
0.9880185397144244
0.9836342249153992
0.9926015559751455
0.9894658936520498
0.9896855167821267
0.9975492388351227
0.9904201543304522
0.9902946572763789
0.9934325748025221
0.988764653018414
0.9994981777193522
0.9901271971338389
0.9926940732722983
0.994150142565997
0.9924508009478383
0.9926844459377738
0.9925818225050935
0.997955975115945
0.9880871049894276
0.9902133777667941
0.9964155976059335
0.999582985611151
0.9925723970315203
0.9925907179432895
0.9977244536466352
0.9989300865134427
0.9922211613963867
0.9821199851741729
0.9980607328485172
0.9949625195372411
0.9896692024525124
0.9926490684218974
0.9922164833171941
0.9972743979981794
0.9988006645120739
0.995653409004776
0.9920268079839917
0.9857905059756596
0.9952347218399547
0.9961018968376542
0.990818903684618
0.9896459849652003
0.9897142765805896
0.9887450649348722
0.9931384094821147
0.9973225538286388
0.9974147479666109
0.9906586297054013
0.9918735709654912
0.9915588773240152
0.9879022211041987
0.9930336331122328
0.9896379115013277
0.9925006944688364
0.9932016631183185
0.9916861107253205
0.9924024058389567
0.990976351385814
0.9928329847408052
0.983257715895204
0.995452296796726
0.98864192381255
0.9934759074807156
0.9926257095574958
0.985349188973547
0.9921452501673442
0.9936367471717549
0.9983580906174189
0.9875521174868678
0.9862621708380004
0.9902620314273487
0.9938400244952789
0.9874673630998905
0.9908415498924005
0.9944243561898947
0.9920714000460964
0.9965809250395015
