3368
4224
4754
4357
3341
3139
5403
4366
3551
5850
2170
3284
3357
3701
5628
4297
5639
4537
4670
4237
5571
3211
4281
3440
4635
3249
3779
4295
5363
4324
4534
3365
4026
2949
3608
3411
3504
4400
3881
3006
3705
3282
5558
5551
4314
5452
2889
4970
5277
2827
2682
3823
4162
4381
3300
5817
2258
3531
4054
2998
4505
2910
2730
3700
5133
2969
5309
3572
2182
5666
2440
4783
5338
4266
4676
3197
3349
3632
2111
4753
5013
3930
3202
4820
3236
2756
5481
4240
5925
5653
3565
4657
3498
3513
4142
3426
5012
4853
4254
2816
