10754
9579
9887
10025
9418
10014
10876
9815
8957
10134
9420
10303
9541
9790
10136
10417
9851
9405
10670
9890
9531
10955
9949
9504
9987
9505
9785
9989
10861
9378
9553
9965
9468
9808
9999
10256
9397
9918
9026
10156
9695
9585
9847
9966
10048
10384
10137
9214
9590
9876
9507
9836
10046
9325
9802
9850
9231
9912
9858
10173
10368
10181
9040
9380
10203
10228
9909
9588
10344
9245
9797
9869
9557
10264
10124
10307
10164
9747
10409
11607
9971
10215
9547
10144
9283
9939
9244
9963
10124
10090
9668
9613
9014
10323
9016
10211
9818
9686
9775
9822
