8907
9379
9554
9773
9783
10006
9981
10758
10779
9397
10082
9509
9688
9916
10266
9374
10424
9643
9507
9842
9494
10522
9911
9475
9983
9777
10954
9257
9986
9500
9407
9941
10841
9767
9929
10131
9268
8925
9909
9608
9503
10139
9792
9912
10046
9191
10369
10107
9574
9470
9755
9796
9267
10041
9747
9187
9861
9867
9811
10103
9014
10000
10313
9370
10154
9550
9861
9173
10130
10057
9782
9877
9541
10021
9715
10250
10240
10145
10391
9963
11610
10183
9216
9537
9222
10081
9911
9936
10131
10022
9614
8989
9005
9592
10247
10127
9693
9673
9761
9733
