0.12462894293788926
0.1248226579969673
0.12487287426999258
0.12466145330163478
0.12439868293387502
0.12456748990236728
0.12473085067908316
0.12494520172560052
0.12486018460225089
0.12446329502267088
0.1246259514521204
0.12424904709854111
0.12457312815983912
0.12479480545919784
0.12491516169036843
0.12470036313357381
0.12448914517614165
0.12488948341643549
0.1251721597999799
0.12482406699501339
0.12456614651272195
0.12459030320001671
0.12468966021620093
0.12482351056140907
0.12445614047900408
0.12450158949916501
0.12471900931079198
0.12479862871576157
0.12459125331326693
0.12452784287516601
0.12471036807669797
0.12467743612438748
0.12471883851236187
0.1246641235849665
0.12471972808587589
0.12470543352466885
0.12493736159673603
0.12465119694516319
0.12455608162380556
0.12453800216620368
0.12481238217183793
0.1245612921265296
0.12465106403926306
0.12477518813012793
0.12495089887332816
0.12468511351049935
0.12460159441180314
0.12498987864378476
0.12462150438845514
0.12453784269397965
0.1248227304326912
0.12458231844160765
0.12466326700087939
0.12473030836636038
0.12478080567261712
0.12473051716471534
0.1247825621028816
0.12487070178103314
0.12489020822778783
0.12465557285308378
0.12422135127050435
0.124718302714321
0.12487191747137753
0.12451798183793593
0.12452438464664108
0.1247338595750131
0.12480814325863702
0.12425511732837811
0.12467361801015236
0.12446779394707189
0.12483287179428748
0.1245536821785988
0.12439331523197039
0.12474534993108466
0.12472842846975746
0.12465251526453557
0.12448117049372528
0.12479843067013291
0.12464500479809358
0.12459232828896619
0.1248541967510112
0.12471213622565062
0.1247881000019317
0.12489684533624418
0.12463956672729011
0.1248784877824885
0.12487610989771455
0.12482988218816689
0.12484463735452228
0.12456809452384321
0.12479098006885173
0.12454519767640213
0.12422679612993034
0.12461190019425503
0.12483416833837681
0.1245945069440985
0.12493942841674542
0.12473847711351584
0.12496609378476378
0.1250114917007626
