1902
2901
3480
3814
5278
6259
11560
9931
12320
2438
16186
14111
8706
9736
9946
4769
4201
8420
2332
2331
12469
17288
38709
10041
3525
59969
5308
6875
1579
19272
2416
2256
46746
4168
2583
2707
5300
2444
95853
978
5227
6841
9350
88004
5604
2570
10652
36372
16106
3468
30902
2799
61382
10164
2095
3890
48476
6811
16390
2359
1987
1814
2482
3284
12833
13727
13361
57481
1992
40638
2647
23933
3832
10648
2317
2994
13219
2375
3268
2139
48321
2957
45824
2658
10577
100001
3339
7882
10511
7449
34671
3044
10915
4088
3009
14885
76659
40743
75679
98051
