0.9875631338043311
0.9950214126504496
0.9942498949948854
0.9961031648761562
0.9988128130730319
0.997299229029561
0.9933758994647011
0.9987197818124398
0.9918916075680461
0.9998421516898944
0.9969652741951568
0.9971801733069748
0.9927873889077127
0.9922416013701751
0.9951856878052832
0.9914699090394953
0.9953986009038202
0.99335275272142
0.9926821522519647
0.9904154949059704
0.999808494540171
0.9838400907533719
0.988626756051941
0.9895975421371479
0.9936097102863886
0.9911812643325848
0.9905016071690405
0.9915017991042566
0.999883943471603
0.9980315575285472
0.9928457133987404
0.9901973340340993
0.989977867136731
0.9924518111119429
0.99427265269088
0.9902563296892507
0.9930392874886955
0.9926803345912969
0.9956681558906105
0.9998645575014019
0.9883062086864943
0.9983970653546205
0.9932794103482726
0.9872424079475504
0.998035340046969
0.9926804336526398
0.9996762274620439
0.9970226002908423
0.9930140376447426
0.9899062219707379
0.9997476898934213
0.992539092320622
0.9895807661329284
0.9921699514140051
0.999512772869207
0.995803717284019
0.9930597299673039
0.986448428778576
0.9977177365806519
0.9908464605857762
0.9897178252178406
0.9897944505364177
0.989121122368623
0.9918868108079785
0.9964682353626724
0.9932264327064829
0.9978701904969792
0.9957856182769942
0.9916521629470437
0.996020010027629
0.9896695133545438
0.9989647793232261
0.9925212937955109
0.9932423768196837
0.9910782934428047
0.9928884859339917
0.992030908099627
0.9924675483975686
0.9955867574955256
0.9886743692830594
0.9911947709772767
0.9927128757895006
0.9884083751151964
0.9922273195496133
0.9937975590870394
0.9831200611232024
0.9997316293718286
0.9856841278022398
0.9876429279115202
0.9865559420462562
0.9834029898132497
0.9908412861631087
0.9940418158360083
0.996788688014333
0.9921790891116271
0.9876851096448479
0.9938560601154982
0.9951082754135254
0.9918881275068772
0.9944679342061905
