0.9999293511711967
0.9998804707251008
0.99986449607104
0.999937389416249
0.9999469081268557
0.9999367673733499
0.9998700055787242
0.999924056188271
0.9999312988860395
0.9999640010934685
0.9999524890827658
0.9999561612481004
0.9998718590488863
0.999918028491585
0.9999460755623871
0.9999628880556527
0.9998712019035796
0.9999320283818807
0.9999258550601486
0.9999503663125874
0.9999474024427005
0.9999201167470254
0.9999410764524428
0.9999531623211049
0.9999416056454165
0.9999512385766787
0.9999474929657091
0.9999345465786244
0.9999353377728102
0.9998967738281928
0.9999475574505639
0.9999533365334755
0.9998912181560228
0.9998849739975063
0.9999127695656412
0.9998769057705076
0.9999517953101114
0.9999569310525659
0.9999052512886638
0.9999603905296446
0.9999285300702099
0.9999411141052058
0.9999337878934151
0.9999307011184939
0.9999314753183064
0.9999378742644196
0.9999595404485869
0.9998675975312394
0.9999534769129599
0.9999265051230518
0.9999468796188574
0.9999295619992458
0.9999223313506638
0.9999368062686317
0.9999183459538864
0.9997431951409754
0.9999495152733826
0.999952424459681
0.9999207717190811
0.999927294759527
0.9999250956055034
0.9999552637778573
0.9999482434766856
0.9999471048004345
0.9999193884561505
0.9999309914962158
0.9999510359602491
0.9999506792774091
0.9999687821338142
0.9999254179327738
0.9999489253120308
0.9999390696063899
0.9999392817955778
0.9999485380726891
0.9999554185258923
0.9999469876634242
0.9999484744745322
0.9999474106012967
0.9999422487539549
0.9999288331353456
0.9999305584814393
0.9999618339256794
0.9999363045664548
0.9998917711420783
0.9999399738434092
0.9999551653829736
0.9999696223215064
0.9999554063814358
0.9999238811768294
0.9999586439174242
0.9999325426532073
0.9999546133167846
0.9999158713671216
0.9999469588674824
0.9999142855685529
0.9999583754983683
0.9999190162822333
0.9998620383748666
0.9999258311527892
0.9999208856220745
