0.9734411898932784
0.9859823764154922
0.9741586850106455
0.984164607806626
0.9729658811663938
0.9864489620024313
0.9762375462713002
0.9800888434317401
0.9817643739849429
0.9800720352263295
0.9824140779019594
0.9764565131078478
0.9882290902765916
0.9868108645189778
0.9832128120710479
0.9795034873019138
0.9839257811841509
0.9920068495407336
0.9826616766383297
0.9850951087519622
0.9797141654865607
0.9815349537802442
0.9830138880538979
0.9815576244829193
0.9852125465599986
0.9801739808379175
0.9811249787203036
0.9810796043459928
0.9782962653744067
0.976891455784819
0.9840619353320972
0.9797322370701165
0.9798773512588641
0.9855169759676315
0.9809631177821894
0.9762871815232312
0.9862801243714903
0.9809144618650198
0.9870468184600009
0.9775190209933987
0.9807611044447455
0.9836030086535242
0.9787684337201396
0.9757332696909349
0.9762378273733247
0.9830713712376578
0.9840726258099067
0.9797558998168647
0.9784016449178663
0.9880808907498017
0.9747961099180454
0.9810368660260427
0.9858335709539338
0.9821540318793353
0.9776560472399196
0.981399474912277
0.9759905040483736
0.9825745575291723
0.9828820293601273
0.9772636960869038
0.9794246351810431
0.9820052866952635
0.9756835788253244
0.9846639163944999
0.9883263806392324
0.9791001756504274
0.9848311001062732
0.9874270126189589
0.9697344186591648
0.9854146791692475
0.9833629089054576
0.9726596810970518
0.9786785718807534
0.9819699835459761
0.9794927147415081
0.9786936821911545
0.9808405479242404
0.9797706060600887
0.9878302247527447
0.9828409419217697
0.9837430850975769
0.9733591283224267
0.9812382218181015
0.9853603082030626
0.9812867854208289
0.9855518741444284
0.9773643136698879
0.9766695108054406
0.978044682563518
0.9838324891746209
0.9844391070290415
0.9800441869080914
0.9724071512170755
0.9792640601441076
0.9795850015424551
0.9804549179798098
0.9870177048865814
0.9813434221269601
0.9843310922601585
0.9754937929819718
