0.06474871965658648
0.11482715114610027
0.06982150232388307
0.03926218787580738
0.07327722799182511
0.06098709686281846
0.054806555511260055
0.10007845728835753
0.038645289128683695
0.03343672310565539
0.07705637759816994
0.0422353948459019
0.06390804535712147
0.05070300515441213
0.04871477433205054
0.06855213625501749
0.05285877540947107
0.06658657023478164
0.12071842344846855
0.07797954249985223
0.05429306422942494
0.05708289792853455
0.06581315527940487
0.12153537015917727
0.06607147540303054
0.08041621340430567
0.06436194947036147
0.07289535212013884
0.05884187079004327
0.09728418544723098
0.0911829039268932
0.02799755647970847
0.10183275929059687
0.05327688257239126
0.07085908332125387
0.054412728745009825
0.06444004029686361
0.03238268580311673
0.1564518338173983
0.0547669070178471
0.040154823004094974
0.07281825028529447
0.07751087283996652
0.036895899754006915
0.06633124799207302
0.06938680160968505
0.10875132005668785
0.0863135379124928
0.06984217694186405
0.0770328072947149
0.07626068948354
0.1452522313870014
0.08709147635777008
0.03748288332162232
0.06219103225615703
0.0253918459862845
0.07495159284613606
0.0955682875275556
0.07659569509865256
0.07792083327100266
0.02939590710013401
0.06658061608409135
0.0709273770443269
0.04766057299214266
0.05058309975501998
0.04319187192249221
0.01953604231922167
0.09799887304643569
0.10493438388403896
0.0852372529579032
0.0729235742548965
0.05300578847716263
0.04363099459960027
0.03574472865751331
0.08256989456688002
0.044002984045093216
0.10259380528305763
0.11205912933689705
0.09687155674421748
0.0643593367372046
0.07921249028464261
0.06033539152911903
0.05812536295051417
0.023473911327550213
0.14369756361744082
0.09007820638096795
0.04692341964285066
0.0771098528315257
0.07205669933058961
0.10549185571052651
0.1122142906341186
0.058681547001513595
0.07499853059704105
0.06065048238785709
0.10941718832957209
0.12022063994586582
0.059982050422019
0.05996011233512699
0.042140814497837735
0.10682312277907952
