0.3314336632592712
0.33266453596342815
0.3330416486797956
0.3323274320880808
0.33228206497010215
0.3329963824736458
0.3322261867597871
0.3323888458920802
0.3327719092101739
0.3310957979398571
0.33211987467601883
0.3324303151040593
0.3324157732391952
0.33276201892950913
0.3311424575560682
0.33259491251235157
0.332355804632413
0.3318277801821638
0.33259967520446115
0.3313457427987273
0.33268972563855226
0.33277468964714113
0.33293540482069317
0.33247614364451367
0.3329946904412659
0.3320098293758498
0.331666000390601
0.33309119997912257
0.3330094138042874
0.33283095828197656
0.3328208114428648
0.33332189086977076
0.33310077351827544
0.332847880496068
0.3319638272139319
0.3329026642522204
0.33190674180257324
0.33277033209692647
0.33310751794503496
0.33274074458803676
0.3331797678087487
0.33224244283537907
0.33134118625728765
0.33244714689323207
0.3312598113369826
0.3329690217289771
0.3315896378665876
0.33238719268244127
0.33167269489453804
0.3328660660948535
0.3317707368562004
0.33228639880414257
0.33102224036835015
0.3325115519744025
0.3325673949355771
0.3326385802118285
0.33266014448091225
0.3319091514306972
0.3330280114862845
0.33317626687290547
0.33311198069819087
0.3327512740063231
0.3328405797569952
0.3333004994721244
0.33097789934849814
0.33284595309378034
0.33312718498407173
0.3331445988182999
0.33298745625569254
0.3314806428988507
0.3330453652270639
0.3324956277306243
0.3310539530888522
0.3324439015654307
0.33161315305201655
0.332613330861003
0.3329056751416799
0.3323765231410716
0.3317130831098796
0.3321327164409064
0.3321740257895722
0.33290303978666436
0.331849068309988
0.3328159848414543
0.33285777811690614
0.3320153826003007
0.3325763302821939
0.3320019695996534
0.33173309718827176
0.3329398128393968
0.3323613287305439
0.3329115130759206
0.3327441141599763
0.3325917808892163
0.33359878946820104
0.33352944233697085
0.33166975766298723
0.33277295628458253
0.3326778907586189
0.3325314490222534
