5522
6651
7812
6306
6614
7656
6053
6307
7239
5313
5828
6297
6784
7531
4802
7540
6976
5158
6938
5358
7032
7186
7413
6142
7671
5796
5662
7067
7435
7314
6419
7835
7799
6631
6173
7371
6084
6827
7473
6735
7233
6636
4995
6567
4998
7608
4892
6538
6009
7283
5382
6673
4773
7167
7201
6875
7410
5590
7611
7454
7493
7833
6733
7739
5100
7184
7644
6945
7814
5201
7836
6108
4862
6584
5192
7328
7390
6362
5527
5587
6557
7168
5563
7266
7216
5887
7587
5636
5657
7397
5714
6495
6906
7491
7833
7523
4948
6672
7716
7652
