0.9983217315055792
0.9988966167935541
0.9990802520121612
0.9991003686364207
0.9996128838353882
0.9997191929028743
0.9987334140749295
0.99812910989814
0.9988979036975435
0.9985552384388959
0.9993623252756213
0.9988892733238481
0.9976035070268116
0.9991722671669394
0.9979866377731258
0.9995407740205279
0.9995437024686791
0.9992636397449425
0.9981795681847664
0.9992508071433647
0.9992956423585168
0.9993797849392888
0.9987969147069518
0.999477094142936
0.9985478402949436
0.999615829715425
0.9984399910849595
0.9993149159300173
0.9998807320973055
0.9994327841712152
0.9989714964667611
0.9997631356578761
0.9997087931668356
0.9990923001063962
0.9988086326291962
0.9994714356311692
0.9987562983137095
0.9991913484178002
0.9991461270152191
0.9995157723500067
0.9993916350754518
0.99782221928996
0.9990839247697163
0.9978332129439135
0.9990526087054578
0.9977182261115556
0.999587778569594
0.9987000286052925
0.9990393820160087
0.9982149265043746
0.9975709816264583
0.9994192477939585
0.999104376150083
0.9993619689173456
0.9993779535162656
0.9992247180836386
0.9983818194735068
0.9994825300893632
0.9995840306975211
0.99949698897648
0.9995274368684433
0.9991437493185696
0.9997498400964762
0.9979307525257889
0.9993741866641862
0.9996486188189121
0.9996003606298992
0.9992454011295628
0.9980374706370622
0.999806574642041
0.9987654100048342
0.9997678254682354
0.9976874750773403
0.9990627418662411
0.9980215362770399
0.9994481089062156
0.9994611215720077
0.9989248228196536
0.9983295493527258
0.9983744096616719
0.9990368607744342
0.9983639359426008
0.9993676725235556
0.999413143474465
0.9993901579202442
0.9995628840655849
0.9986204019522502
0.9984240454566384
0.9984439981858237
0.9984842176551288
0.9994742839174792
0.9990045242226048
0.9992358352454628
0.9995251012100934
0.9977754470328638
0.9997471511120555
0.9991037557225025
0.9995393983575286
0.9996467610820724
0.9996073335111549
