5522
6306
6614
6651
7656
7812
6053
5313
6307
5828
7239
6297
4802
6784
5158
7531
7540
6976
5358
6938
7032
7186
6142
7413
5796
7671
5662
7067
7435
7314
6419
7835
7799
6631
6173
7371
6084
6827
6735
7473
7233
4995
6636
4998
6567
4892
7608
6009
6538
5382
4773
7283
6673
7167
7201
6875
5590
7410
7611
7454
7493
6733
7833
5100
7184
7739
7644
6945
5201
7814
6108
7836
4862
6584
5192
7328
7390
6362
5527
5587
6557
5563
7168
7266
7216
7587
5887
5636
5657
5714
7397
6495
6906
7491
4948
7833
6672
7523
7716
7652
