0.9999990414759569
0.9999984301237814
0.999999572079433
0.9999994429915339
0.9999994299002353
0.9999992680016866
0.9999991808618761
0.9999993789598556
0.9999993680938061
0.9999994103807673
0.9999995808920494
0.9999991098200685
0.9999994694995726
0.9999993335983666
0.9999994445073787
0.9999995452962844
0.9999992117476365
0.9999985865614328
0.9999989389731537
0.9999994310158643
0.9999992263062139
0.9999995926698879
0.9999991730487698
0.9999994313627152
0.9999993090525531
0.9999990672922466
0.9999996124440513
0.9999994658092807
0.9999993855925966
0.9999995946766698
0.9999986704976274
0.9999994890332147
0.9999994270134346
0.9999994285568751
0.9999981728697566
0.9999994667984151
0.9999995137205924
0.9999994310818724
0.9999996612365374
0.9999993004846044
0.9999994015794931
0.9999994135243112
0.9999994588952247
0.9999990129253553
0.9999982822577584
0.9999995109309635
0.9999991871143523
0.9999995711532901
0.9999989827435278
0.999999425992653
0.9999994149969845
0.9999994951036311
0.9999996488320775
0.9999987625876134
0.9999995711431129
0.9999992108434375
0.9999993875284042
0.9999985470499178
0.9999991761948577
0.9999992805389635
0.9999990754570708
0.9999993458600045
0.999998684007394
0.9999995108564902
0.9999994613571371
0.9999994780472578
0.9999993081875667
0.9999991681075235
0.9999991233429272
0.9999993634992697
0.9999993751149886
0.9999992209568968
0.9999994926976916
0.9999990254916287
0.9999990715741237
0.9999992631234832
0.9999993395914062
0.9999984004495471
0.9999993159175129
0.9999994176875329
0.9999987161848528
0.9999992313104101
0.9999997015593386
0.9999993834736962
0.9999995668070624
0.9999989920228973
0.9999989579430765
0.9999991251122962
0.9999995886038701
0.999999597410076
0.9999994457956687
0.9999993088720425
0.9999996100291344
0.9999994490725882
0.9999996184270856
0.999999476732567
0.9999990600610148
0.9999990643816715
0.9999992834309945
0.9999992723866937
