0.33222626488183765
0.3323276075308242
0.3327718915373983
0.33299645148097556
0.3330417127826391
0.331095674001426
0.33211992460715545
0.3320397976272521
0.3319309286855517
0.3323136905712115
0.3324301302210707
0.33241575595180534
0.33276202747071976
0.33114228822535663
0.33134571454073786
0.332595033437707
0.33235578972509394
0.3325995995781778
0.33268985299876913
0.3315097166556518
0.3329353907240758
0.33247630656281707
0.33201008657849423
0.3316660926308369
0.3329946869284694
0.33309126243799286
0.3328207359227497
0.3330094091425778
0.3333218271057375
0.33310087707862085
0.3329027416852068
0.33196375006136497
0.33190674402886905
0.33249535202208547
0.3331077243744593
0.33134136867259795
0.332242523605804
0.3331797156273491
0.33242033166627916
0.3299819528168005
0.3324471481356264
0.3315896514271862
0.33296878737504
0.33167262363688693
0.3323870734942578
0.3309481114513368
0.33286605221334914
0.33228617730534804
0.33251157726610964
0.33144523734398806
0.33263854574372115
0.33256724532198706
0.3326604176675543
0.3312948235903859
0.33302795604788415
0.33317631139993376
0.33311215544752637
0.3309778342140615
0.3328405448669396
0.3328458865194286
0.33134966319269143
0.332506718761643
0.3331444869362575
0.3331271639687842
0.33304540982251557
0.33148046605667714
0.33124426695373554
0.3324957191623526
0.33244384131130045
0.33105398530934893
0.33161310183081527
0.3327729769823758
0.33290580759912697
0.3317131020569369
0.33213280402477163
0.32965000946912487
0.33217418306489305
0.33227902041587315
0.33184897604712915
0.332902929969126
0.3328578330977997
0.33257627884346824
0.33201528281795223
0.3320020210112918
0.33173311163164665
0.3304528821204835
0.3324786269752559
0.3323612137865199
0.332939757215193
0.3327443090815944
0.3325917801370117
0.33359883759829867
0.3335293014027604
0.3327731425417427
0.33256070814123934
0.33267779695789423
0.331933867340004
0.3325314626856503
0.3313605823553534
0.3308783920929798
