6055
6301
7232
7652
7799
5307
5832
12792
13230
13285
6293
6782
7527
4803
5352
7525
6974
6934
7034
11065
7407
6136
5793
5659
7673
7054
6417
7434
7834
7791
7373
6168
6083
14248
7469
4993
6635
7232
13525
47736
6562
4884
7600
6000
6534
10809
7284
6662
7164
11418
6867
7198
7402
52566
7606
7434
7492
5095
6733
7180
50940
15415
6944
7641
7836
5188
51186
6104
6573
4860
5189
15569
7390
5528
5583
45036
6559
14268
5553
7157
7218
7587
5887
5628
5656
47962
14178
5709
7394
6906
7494
7836
7519
6596
13075
7707
54678
7642
10720
50128
