7799
13285
6301
7652
13230
6055
7232
12792
5307
5832
6293
47736
6782
7527
7525
4803
6974
6934
11065
5352
7034
7407
6136
7673
5793
5659
7054
7434
6417
14248
7834
7791
52566
7373
6168
6083
7469
13525
7232
6635
4993
50940
6562
7600
4884
10809
6534
6000
51186
7284
6662
11418
7164
7198
6867
7402
7606
7434
7492
45036
6733
15415
47962
7180
5095
7641
6944
7836
5188
15569
6104
6573
4860
5189
7390
54678
14268
5528
5583
6559
7157
5553
14178
7218
7587
5887
5628
5656
7394
50128
5709
13075
6906
7494
7836
7519
6596
7707
10720
7642
